-43.867   6.180 3.62e-15 4.33e-15 3.92e-15   0.031   -0.65
-42.605   0.049 6.38e-13 4.37e-13 2.49e-13   0.048   -0.46
-42.309   0.100 9.98e-17 6.76e-17 3.65e-17   0.013   -1.39
-37.445   5.736 4.61e-14 4.04e-14 2.82e-14   0.039   -0.60
-15.404  15.565 5.16e-16 2.84e-16 1.50e-16  -0.000   -1.13
-13.823  15.715 5.83e-16 3.37e-16 1.68e-16  -0.000   -1.00
-13.517  17.581 6.46e-17 4.68e-17 2.85e-17   0.001   -1.14
-13.407  17.933 1.39e-17 1.26e-17 8.57e-18   0.001   -1.18
-13.186  14.461 3.33e-17 2.64e-17 1.72e-17  -0.001   -0.94
-13.245  15.575 5.21e-15 2.56e-15 1.16e-15   0.002   -0.95
-13.273  15.353 1.61e-16 1.04e-16 6.05e-17   0.001   -0.89
-13.152  15.740 1.66e-15 8.84e-16 4.13e-16   0.002   -0.95
-12.617  18.169 2.12e-16 1.35e-16 7.45e-17  -0.002   -1.25
-12.705  14.750 3.26e-15 1.74e-15 7.68e-16   0.002   -0.81
-12.529  13.854 2.77e-17 2.19e-17 1.44e-17   0.000   -0.91
-12.447  17.629 3.75e-17 3.00e-17 1.96e-17   0.001   -1.22
-12.292  15.790 9.04e-17 6.18e-17 3.76e-17   0.000   -0.78
-12.177  12.832 3.62e-17 2.82e-17 1.82e-17   0.000   -1.06
-11.911  16.301 1.03e-16 7.05e-17 4.06e-17  -0.000   -0.87
-12.008  16.986 2.08e-17 1.74e-17 1.17e-17   0.001   -1.11
-11.895  12.932 1.61e-16 1.06e-16 6.04e-17   0.001   -1.08
-11.892  15.963 3.57e-17 2.87e-17 1.85e-17   0.001   -0.80
-11.943  13.544 1.06e-15 6.04e-16 2.87e-16  -0.000   -0.97
-11.881  16.662 2.06e-16 1.32e-16 7.43e-17   0.000   -0.99
-11.906  15.962 8.08e-16 4.57e-16 2.20e-16   0.001   -0.76
-11.809  10.868 4.33e-17 3.23e-17 2.10e-17   0.002   -1.15
-11.816  18.194 1.82e-17 1.52e-17 1.06e-17   0.001   -1.30
-11.699  14.205 3.83e-17 2.99e-17 1.95e-17   0.000   -0.90
-11.701  14.474 6.84e-17 4.93e-17 2.96e-17  -0.000   -0.82
-11.749  14.941 7.83e-14 5.54e-14 3.34e-14   0.002   -0.68
-11.704  17.027 8.52e-16 4.67e-16 2.35e-16   0.000   -1.12
-11.654  14.288 2.80e-16 1.74e-16 9.09e-17  -0.001   -0.91
-11.609  16.538 1.26e-16 8.50e-17 4.89e-17   0.001   -0.95
-11.479  17.643 4.01e-17 3.08e-17 2.02e-17   0.001   -1.32
-11.491  15.918 1.41e-16 9.42e-17 5.38e-17   0.000   -0.64
-11.350  15.494 2.85e-17 2.26e-17 1.53e-17   0.002   -0.54
-11.305  15.925 1.01e-16 6.98e-17 4.24e-17   0.001   -0.55
-11.443  15.469 1.79e-16 1.17e-16 6.51e-17  -0.001   -0.48
-11.400  10.749 6.00e-17 4.46e-17 2.79e-17   0.001   -1.26
-11.420  16.522 3.85e-17 2.90e-17 1.85e-17  -0.000   -0.99
-11.300  15.199 2.18e-16 1.43e-16 7.42e-17  -0.000   -0.60
-11.359  15.097 1.53e-15 8.29e-16 3.84e-16   0.000   -0.53
-11.282  14.924 4.99e-17 3.69e-17 2.35e-17   0.001   -0.70
-11.268  15.957 3.91e-16 2.30e-16 1.22e-16   0.002   -0.62
-11.274  16.062 3.50e-15 1.83e-15 8.11e-16  -0.000   -0.64
-11.076  13.435 9.12e-17 6.45e-17 3.82e-17   0.001   -1.07
-11.176  16.986 1.21e-16 8.18e-17 4.74e-17   0.003   -1.30
-11.002  15.799 4.70e-14 2.58e-14 1.21e-14  -0.001   -0.52
-11.213  16.416 4.46e-15 2.22e-15 1.03e-15   0.001   -0.94
-11.004  15.774 5.03e-15 2.58e-15 1.12e-15  -0.001   -0.44
-10.954  15.747 1.77e-15 9.78e-16 4.55e-16  -0.001   -0.23
-11.054  17.883 3.55e-14 1.81e-14 8.39e-15   0.001   -1.45
-10.897  15.586 3.96e-15 2.01e-15 8.99e-16   0.002   -0.35
-11.062  16.033 1.66e-15 8.94e-16 4.24e-16   0.001   -0.67
-10.872  18.624 1.20e-17 1.06e-17 7.64e-18   0.001   -1.41
-11.031  15.357 2.31e-15 1.20e-15 5.61e-16  -0.000   -0.30
-10.921  15.200 3.14e-17 2.48e-17 1.62e-17   0.001   -0.54
-10.813  15.637 5.59e-17 4.23e-17 2.56e-17   0.000   -0.17
-10.880  15.948 3.70e-17 3.03e-17 1.90e-17  -0.001   -0.06
-10.835  17.519 5.49e-16 3.28e-16 1.61e-16   0.000   -1.40
-10.805  16.168 7.28e-14 5.97e-14 4.19e-14   0.000   -0.80
-10.871  15.576 1.30e-16 8.43e-17 5.02e-17  -0.001   -0.12
-10.714  18.241 1.61e-15 8.70e-16 4.10e-16   0.001   -1.44
-10.830  15.709 7.29e-16 3.59e-15 1.10e-14  -0.000   -0.08
-10.797  14.532 3.21e-17 2.56e-17 1.72e-17   0.003   -0.94
-10.693  18.203 5.46e-16 3.19e-16 1.67e-16   0.000   -1.45
-10.655  14.499 2.11e-14 3.36e-14 4.24e-14   0.000   -0.94
-10.719  16.896 4.00e-16 2.44e-16 1.28e-16   0.001   -1.40
-10.632  16.012 6.50e-16 3.74e-16 1.90e-16   0.000   -0.53
-10.656  15.306 1.78e-16 1.15e-16 6.45e-17   0.004   -0.64
-10.596  16.052 1.32e-17 1.20e-17 8.51e-18   0.000   -0.72
-10.655  17.408 1.81e-16 1.19e-16 6.59e-17   0.000   -1.48
-10.690  17.794 4.54e-14 2.45e-14 1.17e-14  -0.000   -1.51
-10.661  15.819 3.71e-17 2.71e-17 1.78e-17   0.001    0.17
-10.580  15.694 8.36e-16 4.49e-16 2.27e-16   0.001    0.28
-10.597  14.934 4.97e-17 3.73e-17 2.38e-17   0.000   -0.80
-10.554  16.816 2.66e-17 2.10e-17 1.39e-17   0.000   -1.47
-10.504  15.564 5.65e-17 4.09e-17 2.45e-17  -0.001    0.16
-10.598  15.711 6.85e-16 3.96e-16 1.99e-16   0.001    0.20
-10.608  14.189 1.55e-15 8.45e-16 4.10e-16   0.001   -1.22
-10.531  16.439 5.05e-14 2.74e-14 1.34e-14   0.001   -1.50
-10.536  15.669 3.96e-15 2.03e-15 9.13e-16   0.002    0.40
-10.458  15.233 3.18e-17 2.49e-17 1.63e-17   0.000   -0.63
-10.599  15.353 3.01e-16 1.89e-16 9.93e-17  -0.000   -0.14
-10.340  16.256 5.30e-17 3.99e-17 2.47e-17   0.000   -1.47
-10.471  15.487 1.24e-17 1.11e-17 8.09e-18   0.001    0.22
-10.563  15.763 4.82e-16 2.92e-16 1.49e-16   0.003    0.70
-10.405  15.132 2.46e-16 1.60e-16 8.41e-17  -0.000   -0.97
-10.458  15.809 5.11e-14 2.79e-14 1.40e-14  -0.000    0.24
-10.340  15.649 4.29e-17 3.31e-17 2.08e-17   0.001    0.28
-10.408  16.396 1.05e-17 9.54e-18 7.01e-18   0.001   -1.57
-10.417  15.449 4.92e-16 2.86e-16 1.48e-16   0.001   -0.21
-10.384  15.761 6.12e-16 3.47e-16 1.84e-16   0.000   -0.08
-10.459  15.700 6.94e-16 3.86e-16 1.98e-16  -0.001    0.87
-10.330  15.287 3.39e-15 1.74e-15 7.86e-16   0.000   -0.87
-10.429  14.150 1.04e-14 2.24e-14 3.35e-14   0.002   -1.13
-10.458  15.570 2.74e-15 1.43e-15 6.63e-16   0.002    0.37
-10.412  16.248 2.10e-16 1.34e-16 7.21e-17   0.002   -1.62
-10.424  15.416 1.32e-17 1.17e-17 8.47e-18   0.001   -0.61
-10.300  17.482 5.24e-14 3.08e-14 1.46e-14  -0.001   -1.59
-10.231  17.591 6.42e-17 4.70e-17 2.80e-17   0.001   -1.54
-10.340  15.936 1.01e-16 7.06e-17 4.17e-17   0.002   -1.44
-10.457  15.785 1.85e-15 9.81e-16 4.56e-16   0.002    1.49
-10.429  15.957 6.94e-14 6.11e-14 4.54e-14   0.001   -1.26
-10.407  16.399 5.04e-17 3.82e-17 2.41e-17   0.000   -1.67
-10.331  15.826 4.44e-16 2.68e-16 1.39e-16   0.000    0.43
-10.403  15.763 4.77e-16 2.87e-16 1.47e-16  -0.001   -1.21
-10.321  15.660 6.21e-16 3.56e-16 1.83e-16   0.001    3.21
-10.323  15.308 6.67e-17 4.96e-17 2.94e-17   0.001   -0.84
-10.522  16.363 4.93e-17 3.69e-17 2.23e-17   0.002   -1.73
-10.477  15.791 5.06e-17 3.73e-17 2.32e-17   0.001    5.54
-10.278  15.736 1.76e-17 1.48e-17 1.07e-17  -0.001    0.86
-10.325  15.664 1.77e-17 1.53e-17 1.05e-17   0.002    5.16
-10.301  15.718 1.04e-15 5.76e-16 2.77e-16  -0.001    2.06
-10.316  15.839 3.68e-15 1.85e-15 8.26e-16   0.000   -1.10
-10.336  15.654 1.80e-17 1.52e-17 1.03e-17   0.002   -0.70
-10.388  15.654 1.17e-15 6.40e-16 3.12e-16  -0.000    0.16
-10.226  13.967 2.77e-16 1.77e-16 9.43e-17  -0.000   -1.20
-10.294  13.636 2.40e-16 1.55e-16 8.42e-17   0.001   -1.24
-10.209  16.804 3.99e-14 2.01e-14 9.57e-15   0.001   -1.62
-10.221  15.666 8.05e-16 4.46e-16 2.29e-16   0.002   -3.38
-10.347  15.759 2.31e-17 1.93e-17 1.28e-17  -0.000   -1.00
-10.309  15.609 1.57e-15 8.27e-16 4.08e-16   0.000   -1.21
-10.243  15.885 1.80e-16 1.27e-15 5.44e-15   0.000   -4.55
-10.329  15.940 5.20e-14 2.88e-14 1.41e-14   0.001   -4.05
-10.264  15.577 3.78e-14 1.96e-14 9.28e-15   0.000   -1.27
-10.208  15.654 3.97e-15 2.03e-15 9.16e-16   0.001   -2.24
-10.345  15.048 5.08e-17 3.87e-17 2.42e-17   0.002   -1.19
-10.156  15.850 1.32e-15 7.47e-16 3.63e-16   0.001   -3.84
-10.242  15.669 1.54e-17 1.30e-17 9.47e-18  -0.001   -4.70
-10.111  16.010 2.00e-17 1.72e-17 1.15e-17   0.001   -2.59
-10.209  15.895 7.78e-17 5.41e-17 3.33e-17   0.001   -2.77
-10.116  15.524 1.18e-17 1.07e-17 7.85e-18   0.002   -1.68
-10.031  15.680 5.27e-15 2.57e-15 1.19e-15   0.001   -3.85
-10.163  15.545 3.01e-15 1.53e-15 6.98e-16   0.001   -1.96
-10.200  15.329 2.00e-16 1.28e-16 6.96e-17   0.001   -1.37
-10.268  15.760 7.79e-16 4.30e-16 2.20e-16  -0.001   -3.77
-10.177  15.712 3.22e-15 1.67e-15 7.45e-16   0.001   -3.13
-10.240  16.039 2.22e-16 1.44e-16 7.91e-17  -0.000   -3.01
 -9.988  15.841 1.05e-16 7.23e-17 4.33e-17   0.003   -2.95
-10.205  16.693 3.02e-15 1.55e-15 7.10e-16  -0.001   -1.80
-10.154  15.877 3.50e-16 2.14e-16 1.13e-16  -0.001   -3.00
-10.203  15.872 3.79e-17 3.00e-17 1.95e-17  -0.001   -2.44
-10.080  15.830 2.40e-16 1.50e-16 8.14e-17   0.000   -3.38
-10.008  15.242 3.00e-17 2.41e-17 1.60e-17   0.001   -1.47
-10.111  14.828 5.01e-14 2.72e-14 1.37e-14   0.001   -1.32
-10.054  15.783 4.62e-15 2.30e-15 1.04e-15  -0.001   -3.06
-10.069  16.149 5.34e-16 3.10e-16 1.63e-16   0.001   -2.63
 -9.967  15.738 8.46e-17 5.94e-17 3.49e-17   0.001   -2.92
 -9.999  15.346 1.89e-15 1.00e-15 4.65e-16   0.002   -1.95
-10.047  15.904 4.16e-15 2.11e-15 9.64e-16   0.001   -2.96
 -9.888  15.606 1.46e-17 1.26e-17 9.23e-18  -0.001   -2.55
 -9.863  15.898 2.06e-15 1.08e-15 5.14e-16  -0.000   -2.78
 -9.969  15.590 2.12e-15 1.16e-15 5.41e-16   0.000   -2.14
 -9.905  15.550 2.67e-17 2.11e-17 1.46e-17   0.001   -2.54
 -9.744  15.658 2.29e-15 1.16e-15 5.65e-16  -0.000   -2.66
 -9.943  18.824 1.83e-16 1.17e-16 6.18e-17   0.001   -1.58
 -9.934  16.077 4.73e-17 3.57e-17 2.19e-17  -0.001   -2.26
 -9.935  15.719 2.72e-16 1.77e-16 9.22e-17   0.000   -2.43
 -9.817  15.621 2.77e-16 1.75e-16 9.43e-17   0.003   -2.55
 -9.770  15.930 1.58e-16 1.04e-16 5.82e-17  -0.000   -2.71
 -9.705  16.129 2.72e-15 1.48e-15 6.69e-16   0.000   -2.67
 -9.840  16.050 1.12e-15 6.21e-16 3.04e-16   0.000   -2.55
 -9.817  14.588 2.52e-16 1.62e-16 8.89e-17   0.001   -1.42
 -9.762  16.123 5.91e-16 3.43e-16 1.74e-16   0.001   -2.45
 -9.704  15.920 4.08e-14 2.14e-14 1.06e-14   0.003   -2.71
 -9.651  15.422 2.23e-16 1.41e-16 7.71e-17   0.001   -2.21
 -9.666  15.386 5.12e-16 3.08e-16 1.56e-16   0.001   -2.25
 -9.600  15.647 3.88e-16 2.35e-16 1.25e-16  -0.001   -2.56
 -9.701  15.954 5.68e-16 3.16e-16 1.67e-16   0.002   -2.52
 -9.499  15.929 4.22e-15 2.14e-15 9.58e-16   0.000   -2.49
 -9.593  16.747 2.25e-15 1.20e-15 5.57e-16  -0.000   -2.11
 -9.598  15.837 3.97e-16 2.38e-16 1.27e-16   0.001   -2.41
 -9.566  15.137 1.61e-16 1.09e-16 6.02e-17   0.001   -1.86
 -9.539  15.002 1.03e-17 9.32e-18 6.92e-18   0.002   -1.86
 -9.356  14.519 3.37e-16 2.06e-16 1.08e-16   0.001   -1.64
 -9.210  16.551 2.59e-16 1.66e-16 8.76e-17   0.002   -2.14
 -9.324  15.530 5.69e-14 3.23e-14 1.60e-14   0.001   -2.21
 -9.348  15.507 6.82e-14 6.26e-14 4.52e-14   0.001   -2.23
 -9.345  16.826 1.73e-15 9.36e-16 4.38e-16   0.001   -1.99
 -9.286  10.460 4.42e-15 2.25e-15 1.05e-15  -0.001   -1.41
 -9.273  16.015 6.37e-16 3.73e-16 1.87e-16  -0.002   -2.26
 -9.367  16.811 1.99e-16 1.30e-16 7.29e-17   0.002   -2.10
 -9.335  18.202 1.12e-17 1.02e-17 7.44e-18   0.000   -1.66
 -9.203  16.212 3.41e-15 1.79e-15 7.96e-16   0.002   -2.24
 -9.098  15.936 5.08e-14 2.81e-14 1.43e-14   0.002   -2.28
 -9.135  14.644 5.15e-17 3.94e-17 2.45e-17   0.002   -1.73
 -9.083  16.950 1.86e-17 1.60e-17 1.08e-17  -0.000   -2.04
 -9.024  15.819 1.45e-15 7.82e-16 3.87e-16  -0.000   -2.10
 -9.042  13.778 3.17e-15 1.57e-15 7.36e-16   0.002   -1.54
 -8.953  14.339 9.60e-17 6.83e-17 3.94e-17  -0.001   -1.61
 -8.876  16.785 2.94e-16 1.85e-16 9.79e-17   0.002   -2.10
 -8.883  15.768 1.90e-16 1.24e-16 7.00e-17   0.001   -2.18
 -9.024  15.282 2.65e-15 1.37e-15 6.43e-16   0.001   -2.04
 -8.818  15.310 5.00e-16 2.94e-16 1.53e-16  -0.000   -2.00
 -8.534  14.936 1.63e-17 1.39e-17 9.87e-18  -0.000   -1.84
 -8.268  15.543 5.24e-15 2.69e-15 1.19e-15   0.003   -1.99
 -8.265  18.252 3.50e-15 1.77e-15 8.16e-16   0.000   -1.77
 -8.293  15.585 6.63e-14 4.02e-14 2.11e-14  -0.000   -1.98
 -8.021  14.938 1.44e-14 2.81e-14 3.91e-14   0.001   -1.82
 -8.029  14.481 3.84e-17 2.96e-17 1.98e-17   0.000   -1.71
 -7.766  18.787 1.58e-16 1.05e-16 5.72e-17   0.002   -1.71
 -7.601  15.204 2.45e-16 1.49e-16 8.39e-17   0.001   -1.88
 -7.209  15.195 2.52e-15 1.33e-15 6.27e-16   0.003   -1.80
 -5.728  14.656 5.18e-15 2.57e-15 1.14e-15   0.000   -1.66
 -5.660  13.468 1.81e-17 1.58e-17 1.11e-17  -0.001   -1.64
