-43.060  -0.081 6.66e-15 6.07e-15 4.28e-15   0.015   -1.35
-42.783  -0.049 6.29e-13 4.39e-13 2.45e-13   0.050   -0.37
-37.950  -9.038 5.65e-14 4.26e-14 2.84e-14   0.026   -0.93
-35.160  -8.301 1.13e-14 1.07e-14 8.67e-15   0.029   -0.94
-33.718  -7.713 4.59e-16 6.02e-16 6.20e-16   0.017   -1.29
-31.031 -14.669 4.70e-11 4.89e-11 4.33e-11   0.017   -1.17
-27.435 -16.529 7.71e-13 4.03e-13 1.97e-13   0.017   -1.27
-12.184 -25.702 2.41e-15 1.25e-15 5.71e-16   0.026   -0.88
 -0.980 -29.544 1.97e-12 9.11e-13 4.32e-13   0.015   -0.99
 -0.261 -32.748 8.68e-16 9.56e-16 9.00e-16   0.014   -0.95
