  4.214 -29.550 1.94e-14 2.16e-14 1.75e-14   0.053   -0.52
  6.500 -36.692 2.15e-14 1.61e-14 9.63e-15   0.011   -0.80
 14.982 -39.097 6.80e-16 7.62e-16 6.07e-16   0.008   -0.64
 15.213 -38.816 2.55e-13 1.73e-13 8.93e-14   0.025   -0.46
 32.904 -14.916 1.21e-16 1.18e-16 9.39e-17   0.001   -0.25
 35.977 -39.441 1.82e-15 1.25e-15 7.41e-16   0.002   -0.72
 36.308 -21.526 1.30e-12 9.55e-13 6.01e-13   0.092   -0.06
 36.799 -39.196 2.43e-15 1.56e-15 8.49e-16   0.003   -0.74
 37.139 -27.500 1.19e-10 6.33e-11 2.85e-11   0.138   -0.05
 38.921 -36.497 5.23e-17 2.33e-17 1.07e-17   0.003   -0.81
 39.174 -38.281 1.11e-17 1.45e-17 1.37e-17   0.002   -0.72
 39.558 -31.402 6.73e-13 3.71e-13 1.77e-13   0.002   -0.50
 39.664 -41.183 1.04e-15 7.13e-16 4.14e-16   0.003   -0.81
 40.798  -9.955 2.67e-17 1.42e-17 6.24e-18   0.000    0.27
 41.346 -24.049 1.17e-17 1.55e-17 1.62e-17   0.002   -0.01
 41.773 -20.064 1.05e-14 6.17e-15 3.03e-15   0.002    0.20
 42.101 -21.115 4.28e-15 2.71e-15 1.46e-15   0.003    0.15
 42.582 -42.976 5.32e-15 3.17e-15 1.53e-15   0.002   -0.78
 42.825 -26.251 3.55e-16 3.15e-16 2.00e-16   0.002   -0.03
 43.607 -23.089 1.12e-14 6.75e-15 3.38e-15   0.002    0.15
 43.789 -31.068 7.23e-13 3.85e-13 2.13e-13   0.004   -0.35
 43.936 -30.278 1.27e-17 1.63e-17 1.57e-17   0.002   -0.27
 44.250 -29.146 5.26e-14 2.63e-14 1.20e-14   0.003   -0.21
 44.641 -31.417 1.17e-16 1.04e-16 8.34e-17   0.001   -0.41
 44.684 -25.707 9.28e-16 6.52e-16 4.12e-16   0.002    0.14
 44.809 -41.461 4.49e-17 2.20e-17 9.70e-18   0.000   -0.84
 44.912 -22.690 9.79e-16 6.70e-16 3.95e-16   0.002    0.37
