 13.939 -20.453 1.33e-13 1.09e-13 8.00e-14   0.058    0.01
 14.152  -1.380 1.54e-16 1.24e-16 8.98e-17   0.001   -0.12
 15.374  -3.571 8.56e-14 5.48e-14 3.25e-14   0.000    0.86
 15.630  -2.251 1.93e-16 1.19e-16 7.37e-17   0.002    1.02
 17.403  -2.834 1.04e-17 1.00e-17 8.00e-18  -0.000    1.12
 17.739  -4.170 1.26e-16 8.49e-17 4.94e-17  -0.000    0.97
 17.731  -2.303 7.61e-14 4.36e-14 2.08e-14   0.001    1.18
 17.673  -3.112 4.14e-17 3.37e-17 2.23e-17   0.000    1.05
 17.841  -2.814 3.98e-16 2.42e-16 1.36e-16   0.000    1.20
 18.479  -4.797 6.85e-14 3.45e-14 1.86e-14   0.000    0.79
 19.558  -3.739 1.08e-17 1.05e-17 7.60e-18  -0.001    1.32
 20.212  -2.114 7.52e-15 3.84e-15 1.74e-15   0.000    0.96
 20.398  -3.105 3.94e-17 3.15e-17 2.18e-17   0.001    1.41
 20.534  -7.946 4.51e-17 4.50e-17 3.99e-17   0.003   -0.11
 20.496  -3.252 2.19e-17 1.89e-17 1.33e-17   0.000    1.50
 20.580  -4.374 2.64e-17 2.20e-17 1.47e-17   0.002    0.89
 20.770  -0.650 2.49e-16 2.15e-16 1.45e-16   0.001    0.08
 21.046  -3.241 1.75e-15 1.01e-15 4.70e-16   0.000    1.61
 21.356  -3.788 2.82e-17 2.30e-17 1.59e-17  -0.001    1.24
 21.354  -4.940 5.96e-14 3.27e-14 1.76e-14  -0.001    0.74
 21.364  -2.995 1.68e-17 1.56e-17 1.17e-17   0.001    1.51
 21.454  -2.870 5.04e-17 3.91e-17 2.44e-17   0.000    1.73
 21.610  -3.252 6.02e-16 3.52e-16 1.90e-16   0.002    1.77
 21.871  -3.149 2.01e-17 1.72e-17 1.27e-17   0.001    1.75
 21.895  -3.817 3.12e-16 2.00e-16 1.10e-16   0.001    1.68
 21.896  -4.070 1.33e-15 7.53e-16 3.66e-16  -0.001    1.04
 21.933  -3.474 7.80e-17 5.63e-17 3.73e-17  -0.001    1.80
 22.097  -3.604 3.15e-15 1.68e-15 7.31e-16  -0.001    1.89
 21.982  -3.197 7.06e-17 5.14e-17 3.34e-17   0.001    1.33
 22.247  -3.395 2.97e-16 2.00e-16 1.08e-16   0.001    1.99
 22.235  -3.404 5.90e-14 3.04e-14 1.51e-14   0.000    1.99
 22.306  -3.160 2.90e-17 2.36e-17 1.68e-17  -0.002    1.63
 22.381  -4.073 1.22e-15 6.83e-16 3.37e-16   0.001    0.99
 22.298  -2.595 2.68e-15 1.43e-15 6.59e-16  -0.001    1.57
 22.456  -3.307 1.98e-15 1.06e-15 5.21e-16   0.001    2.14
 22.565  -4.011 4.36e-17 3.40e-17 2.25e-17   0.002    0.94
 22.581  -3.437 5.86e-16 3.85e-16 2.01e-16   0.001    1.91
 22.390  -2.540 6.55e-14 7.81e-14 7.16e-14   0.001    0.96
 22.603  -3.748 1.27e-15 7.27e-16 3.61e-16   0.001    1.31
 22.625  -0.629 4.32e-17 3.69e-17 2.46e-17  -0.000    0.60
 22.647  -4.449 1.59e-17 1.40e-17 1.03e-17   0.001    0.68
 22.700  -3.627 2.53e-15 1.30e-15 6.13e-16   0.001    2.04
 22.729  -4.034 1.15e-17 1.00e-17 8.08e-18   0.001    0.91
 22.760  -2.815 1.77e-17 1.59e-17 1.16e-17   0.001    1.43
 22.804  -3.117 4.23e-17 3.25e-17 2.21e-17  -0.000    1.02
 22.938  -3.514 6.90e-17 5.65e-17 3.31e-17   0.001    1.88
 22.776  -3.767 8.55e-17 5.96e-17 3.86e-17   0.000    1.37
 23.101  -3.349 1.74e-17 1.57e-17 1.05e-17   0.001    2.37
 22.875  -5.102 2.15e-15 1.15e-15 5.44e-16  -0.001    0.62
 22.940  -3.425 1.54e-17 1.36e-17 9.94e-18   0.001    2.64
 23.028  -2.933 1.31e-15 7.12e-16 3.47e-16  -0.001    1.63
 23.018  -3.182 5.51e-17 4.05e-17 2.69e-17  -0.001    2.11
 23.005  -3.711 1.80e-17 1.65e-17 1.17e-17   0.000    2.18
 23.066  -2.977 7.28e-15 3.59e-15 1.61e-15   0.001    2.71
 23.170  -2.921 2.80e-17 2.43e-17 1.59e-17   0.000    0.78
 23.176  -2.695 3.17e-15 1.71e-15 8.24e-16   0.002    1.39
 23.136  -3.523 1.25e-15 7.41e-16 3.90e-16   0.001    1.00
 23.147  -3.452 1.58e-17 1.40e-17 9.99e-18  -0.001    2.96
 23.299  -3.392 5.71e-14 3.12e-14 1.42e-14   0.001    1.61
 23.214  -3.217 1.47e-16 1.05e-16 5.74e-17   0.001    1.89
 23.358  -4.042 1.16e-15 6.27e-16 3.19e-16  -0.000    1.82
 23.320  -3.201 1.16e-17 1.05e-17 8.22e-18   0.001    1.32
 23.290  -2.985 8.17e-16 4.62e-16 2.51e-16   0.001    2.55
 23.309  -1.257 9.35e-16 5.68e-16 2.89e-16   0.001    0.57
 23.281  -3.746 1.99e-15 1.10e-15 4.88e-16   0.003    2.84
 23.392  -3.340 1.19e-17 1.08e-17 7.96e-18   0.002    2.60
 23.485  -3.585 4.44e-17 3.46e-17 2.31e-17   0.001    1.09
 23.441  -3.615 4.55e-14 2.49e-14 1.11e-14   0.001    2.69
 23.535  -3.888 1.27e-15 7.07e-16 3.42e-16   0.002    0.67
 23.531  -3.487 2.74e-15 1.38e-15 6.11e-16  -0.001    3.18
 23.495  -3.585 1.17e-15 6.87e-16 3.46e-16  -0.001    2.45
 23.687  -3.511 1.62e-16 1.02e-16 6.16e-17   0.002    0.97
 23.585  -3.851 2.15e-17 1.87e-17 1.38e-17   0.000    4.54
 23.416  -3.274 3.84e-15 1.97e-15 9.09e-16  -0.001    1.76
 23.585  -3.247 3.20e-17 2.63e-17 1.83e-17  -0.000    0.66
 23.607  -3.361 5.29e-16 3.25e-16 1.74e-16   0.000    1.32
 23.644  -3.524 5.72e-15 2.92e-15 1.33e-15   0.001    7.39
 23.605  -3.617 6.98e-16 4.39e-16 2.27e-16   0.002    0.63
 23.665  -3.356 3.06e-16 2.01e-16 1.03e-16   0.002    9.69
 23.690  -3.729 3.65e-17 2.86e-17 1.99e-17   0.001    0.93
 23.658  -3.271 6.76e-17 5.30e-17 3.22e-17   0.003    0.64
 23.677  -3.563 1.69e-17 1.37e-17 1.12e-17  -0.000    0.57
 23.712  -3.663 9.02e-17 6.79e-17 3.89e-17   0.000    0.56
 23.651  -3.146 4.78e-16 2.88e-16 1.69e-16  -0.001    0.59
 23.594  -3.153 5.68e-16 3.34e-16 1.71e-16   0.001    0.45
 23.697  -3.680 1.03e-15 5.67e-16 2.89e-16  -0.001    0.44
 23.908  -3.568 9.46e-16 5.20e-16 2.80e-16  -0.001   -0.34
 23.778  -3.167 3.25e-14 5.09e-14 6.09e-14  -0.000    0.41
 23.869  -3.444 3.26e-15 1.69e-15 7.81e-16   0.002    0.05
 23.781  -3.443 3.14e-16 1.92e-16 1.05e-16   0.001   -0.13
 23.833  -3.357 4.73e-14 2.44e-14 1.08e-14   0.002   -3.98
 23.752  -3.370 6.30e-16 3.86e-16 1.87e-16  -0.000   -3.36
 23.887  -3.168 1.09e-17 1.05e-17 7.92e-18  -0.001   -0.47
 23.906  -3.499 9.48e-16 5.35e-16 2.94e-16  -0.000   -3.90
 23.953  -3.129 9.76e-17 6.72e-17 4.20e-17   0.001   -0.18
 23.949  -3.525 7.76e-16 4.61e-16 2.32e-16  -0.000   -2.84
 23.914  -3.299 1.08e-15 5.91e-16 2.96e-16   0.003   -0.64
 23.996  -3.709 5.45e-15 2.91e-15 1.29e-15  -0.000    0.35
 23.940  -3.688 1.04e-16 7.55e-17 4.36e-17   0.001   -1.34
 23.929  -4.439 1.78e-15 9.57e-16 4.55e-16   0.003    0.48
 23.954  -3.660 1.37e-17 1.19e-17 9.13e-18   0.001   -2.21
 24.084  -2.950 4.05e-17 3.20e-17 2.19e-17   0.000    0.34
 23.968  -2.706 5.59e-16 3.40e-16 1.88e-16  -0.001    0.35
 23.941  -3.769 5.66e-16 3.63e-16 1.79e-16   0.001   -2.45
 24.068  -1.613 5.09e-17 3.94e-17 2.85e-17   0.002    0.60
 23.852  -2.851 2.62e-17 2.27e-17 1.74e-17   0.001    0.41
 24.061  -4.000 4.38e-17 3.56e-17 2.25e-17  -0.000   -1.42
 24.103  -3.487 5.66e-17 4.07e-17 2.62e-17   0.003   -1.22
 24.189  -3.376 2.12e-14 3.90e-14 5.04e-14  -0.001   -2.21
 24.230  -4.217 8.71e-14 7.84e-14 5.75e-14   0.002    0.18
 24.247  -4.167 3.93e-17 3.03e-17 1.93e-17   0.000    0.27
 24.359  -3.318 1.11e-16 7.30e-17 4.70e-17   0.002   -1.75
 24.516  -3.659 2.88e-15 1.54e-15 6.84e-16   0.002   -1.48
 24.485  -3.218 1.46e-17 1.37e-17 1.01e-17   0.001   -0.82
 24.510  -3.875 3.42e-15 1.87e-15 8.60e-16   0.001   -0.18
 24.457  -3.681 5.19e-16 3.20e-16 1.70e-16   0.002   -0.39
 24.360  -2.996 6.76e-15 3.34e-15 1.49e-15   0.001   -0.26
 24.400  -4.107 6.81e-17 5.19e-17 3.28e-17   0.001   -0.11
 24.613  -2.648 2.04e-15 1.09e-15 5.08e-16   0.001   -0.08
 24.539  -3.327 9.56e-16 5.47e-16 2.65e-16  -0.000   -1.41
 24.436  -3.515 6.09e-14 3.32e-14 1.67e-14   0.002   -1.37
 24.744  -3.272 7.15e-16 4.22e-16 2.19e-16   0.001   -1.31
 24.635  -3.278 3.95e-16 2.58e-16 1.42e-16   0.002   -0.93
 24.751  -3.106 3.53e-16 2.23e-16 1.26e-16   0.001   -0.55
 24.788  -3.377 5.53e-15 2.79e-15 1.29e-15   0.003    0.05
 24.946  -3.501 2.16e-15 1.12e-15 5.37e-16   0.001   -0.02
 25.076  -3.712 3.92e-15 2.10e-15 9.07e-16   0.001   -1.00
 25.196  -3.548 5.31e-14 2.89e-14 1.32e-14   0.001   -0.96
 25.223  -2.330 1.02e-13 6.35e-14 3.54e-14   0.000    0.25
 25.377  -4.187 3.17e-15 1.72e-15 7.79e-16   0.000   -0.10
 25.290  -3.533 7.25e-17 5.61e-17 3.49e-17   0.000   -0.55
 25.466  -2.926 2.33e-15 1.31e-15 5.97e-16   0.000   -0.21
 25.605  -4.070 9.03e-17 6.57e-17 4.13e-17   0.001   -0.16
 25.788  -3.232 1.01e-15 6.20e-16 2.90e-16   0.001   -0.75
 25.850  -1.924 1.11e-16 7.75e-17 4.82e-17  -0.001    0.26
 25.983  -3.572 4.01e-17 3.31e-17 2.07e-17   0.002   -0.54
 26.643  -1.596 3.90e-17 3.24e-17 2.21e-17   0.000    0.35
 26.655  -4.182 2.49e-16 1.62e-16 9.21e-17   0.001   -0.25
 26.958  -4.404 1.81e-16 1.16e-16 7.16e-17   0.000   -0.23
 27.226  -5.156 2.89e-16 1.79e-16 9.57e-17   0.000    0.17
 27.286  -3.254 8.89e-16 5.07e-16 2.63e-16   0.002   -0.40
 27.429  -2.384 1.43e-16 9.88e-17 6.04e-17  -0.000    0.03
 27.640  -3.663 4.02e-16 2.63e-16 1.41e-16   0.000   -0.35
 27.691  -3.371 6.94e-16 3.75e-16 2.14e-16   0.001   -0.28
 27.967  -3.304 1.30e-17 1.25e-17 9.25e-18   0.001   -0.16
 29.353  -4.426 1.71e-16 1.16e-16 6.76e-17   0.002   -0.04
 29.264  -4.009 1.70e-16 1.17e-16 6.44e-17   0.002   -0.03
 29.742  -3.770 2.64e-15 1.45e-15 6.75e-16   0.001   -0.13
 32.126  -4.018 1.79e-16 1.28e-16 7.27e-17   0.001    0.04
 32.788  -5.350 1.71e-17 1.55e-17 1.02e-17   0.001    0.29
