-44.992  -9.987 1.28e-17 1.53e-17 1.37e-17   0.002    2.11
-44.982 -14.169 2.19e-14 1.05e-14 5.06e-15   0.001   -7.56
-44.918 -13.723 7.88e-15 4.56e-15 2.18e-15   0.002   -1.92
-44.964 -10.115 4.92e-15 2.69e-15 1.44e-15   0.003    0.83
-44.913 -11.263 6.67e-16 5.27e-16 3.01e-16   0.003    0.96
-44.938 -14.904 6.11e-16 4.20e-16 2.54e-16   0.002   -3.06
-44.849 -10.678 2.29e-16 1.87e-16 1.26e-16   0.002    2.20
-44.821 -14.512 2.62e-16 2.15e-16 1.26e-16   0.001   -1.90
-44.695 -10.286 6.86e-13 5.36e-13 3.16e-13   0.003    0.41
-44.814 -15.240 2.22e-14 1.08e-14 5.01e-15   0.001   -1.37
-44.783 -13.878 3.34e-13 2.04e-13 1.01e-13   0.004   -2.53
-44.722 -13.831 1.68e-15 9.87e-16 5.70e-16   0.000   -2.56
-44.867 -10.631 1.39e-15 9.27e-16 4.78e-16   0.001   -0.32
-44.802 -10.581 1.27e-16 1.11e-16 7.68e-17   0.002    0.53
-44.734 -13.627 2.96e-17 2.98e-17 2.29e-17   0.002   -3.40
-44.842 -10.386 3.22e-15 1.90e-15 9.42e-16   0.001   -0.90
-44.739 -15.470 3.93e-15 2.32e-15 1.23e-15   0.003   -1.14
-44.735 -13.661 1.79e-17 1.87e-17 1.60e-17   0.000   -1.73
-44.732  -9.928 4.65e-15 2.71e-15 1.43e-15   0.002    2.93
-44.713  -9.378 4.26e-15 2.70e-15 1.32e-15   0.001   -0.66
-44.772 -14.615 6.40e-16 4.43e-16 2.67e-16   0.000   -1.18
-44.758  -9.416 3.91e-16 3.07e-16 1.85e-16   0.001    1.48
-44.705 -14.240 1.37e-17 1.57e-17 1.33e-17   0.002   -1.39
-44.670 -10.098 9.54e-17 8.17e-17 6.07e-17   0.001    0.07
-44.721 -10.480 3.83e-17 4.22e-17 3.12e-17   0.003    0.45
-44.619 -14.605 2.41e-16 1.86e-16 1.08e-16   0.002   -3.40
-44.669  -9.465 1.45e-17 1.70e-17 1.61e-17   0.001   -0.30
-44.643 -10.667 1.59e-15 1.10e-15 5.96e-16   0.000    3.01
-44.610  -9.539 2.26e-14 1.21e-14 5.55e-15   0.002   -0.02
-44.664 -13.574 1.21e-15 7.95e-16 4.18e-16  -0.000   -1.26
-44.630 -10.819 1.42e-14 7.40e-15 3.57e-15   0.002    0.26
-44.596 -14.403 3.88e-15 2.23e-15 1.14e-15  -0.001   -4.66
-44.565 -36.355 2.51e-15 1.33e-15 6.69e-16  -0.001   -0.69
-44.429 -14.566 1.52e-17 1.73e-17 1.48e-17   0.002   -4.39
-44.581 -13.719 3.84e-15 2.33e-15 1.13e-15   0.001   -1.72
-44.412 -13.443 2.52e-14 1.29e-14 5.81e-15   0.002   -3.18
-44.626 -14.217 7.44e-16 4.86e-16 2.84e-16   0.001   -1.85
-44.614 -14.298 1.29e-15 8.46e-16 4.60e-16   0.003   -3.36
-44.430  -6.575 4.08e-15 2.41e-15 1.28e-15   0.001    8.66
-44.546 -14.932 2.04e-17 9.55e-18 3.93e-18   0.004   -1.18
-44.423 -10.520 3.42e-14 1.71e-14 7.71e-15   0.002    2.88
-44.474 -13.325 1.04e-15 6.71e-16 3.54e-16   0.003   -2.86
-44.535 -13.572 2.05e-16 1.50e-16 1.01e-16   0.002   -4.21
-44.438 -10.176 5.38e-15 3.06e-15 1.59e-15   0.002    3.63
-44.556 -10.318 6.26e-17 5.78e-17 4.76e-17   0.003    2.76
-44.476 -13.547 3.25e-15 1.83e-15 9.63e-16   0.001   -3.31
-44.464  -9.599 2.21e-17 2.56e-17 2.06e-17   0.001   -0.48
-44.377 -10.295 3.62e-16 2.77e-16 1.67e-16   0.002    3.29
-44.376  -9.501 4.57e-15 2.68e-15 1.32e-15   0.001   -0.74
-44.411 -13.790 5.85e-17 5.41e-17 3.95e-17   0.001   -3.85
-44.178  -9.122 4.17e-17 4.33e-17 3.52e-17   0.002   -0.70
-44.407  -9.656 3.07e-14 1.52e-14 6.60e-15   0.002   -0.07
-44.326 -13.845 2.37e-16 1.88e-16 1.12e-16   0.004   -2.60
-44.410  -9.791 4.74e-17 5.37e-17 4.23e-17   0.001    3.68
-44.383 -10.093 2.78e-16 2.14e-16 1.40e-16   0.001   -0.49
-44.363 -13.430 3.59e-13 3.13e-13 2.12e-13   0.002   -1.94
-44.395 -10.022 1.26e-14 6.86e-15 3.38e-15   0.002   -0.43
-44.304 -13.397 5.20e-16 3.71e-16 2.12e-16   0.001   -2.02
-44.296 -14.107 3.39e-16 2.55e-16 1.53e-16   0.001   -1.60
-44.322  -7.963 7.55e-17 7.45e-17 5.28e-17   0.001   -0.65
-44.302  -9.667 8.14e-15 4.50e-15 2.19e-15   0.003    4.69
-44.241  -9.974 6.18e-16 4.34e-16 2.77e-16   0.002    2.29
-44.276 -12.784 3.93e-17 3.88e-17 3.01e-17   0.001   -3.03
-44.122 -13.885 1.16e-16 9.56e-17 6.58e-17   0.001   -3.94
-44.334 -11.149 2.77e-15 1.82e-15 9.41e-16   0.002    3.94
-44.130 -14.415 4.53e-15 2.52e-15 1.30e-15   0.002   -2.91
-44.298 -10.080 1.05e-16 9.07e-17 6.56e-17   0.003   -0.98
-44.148 -14.665 9.30e-15 5.03e-15 2.45e-15   0.001   -3.48
-44.227 -10.785 3.12e-14 1.53e-14 7.27e-15   0.003    2.94
-44.182  -9.547 5.88e-16 4.33e-16 2.60e-16   0.001    6.02
-44.115 -10.123 1.90e-17 2.19e-17 1.98e-17   0.001   -0.50
-44.064  -9.076 9.34e-16 6.48e-16 3.88e-16   0.001    5.43
-44.255 -13.400 4.11e-17 4.08e-17 2.99e-17   0.002   -1.35
-44.240 -10.324 6.64e-13 4.01e-13 2.15e-13  -0.000   -0.76
-44.090  -8.400 1.81e-16 1.47e-16 1.04e-16   0.001   -1.26
-44.069 -10.088 4.88e-17 4.76e-17 3.82e-17   0.002    0.15
-44.177 -10.463 1.02e-17 1.32e-17 1.25e-17   0.001    6.09
-44.178  -8.477 1.09e-17 1.36e-17 1.29e-17   0.003   -2.45
-44.162  -9.531 4.60e-16 3.58e-16 2.20e-16   0.003    5.86
-44.064  -9.140 4.41e-16 3.37e-16 2.16e-16   0.002   12.94
-44.005 -14.290 3.09e-16 2.45e-16 1.48e-16   0.001   -1.51
-44.122  -9.999 2.90e-15 1.75e-15 9.06e-16   0.001   -0.93
-43.966  -9.637 1.78e-16 1.55e-16 1.12e-16   0.001   -0.99
-44.031 -10.191 2.41e-17 2.70e-17 2.41e-17   0.003   -0.93
-43.966  -8.922 6.94e-15 3.97e-15 2.07e-15   0.002   -1.00
-44.004 -12.849 1.82e-17 1.88e-17 1.63e-17   0.002   -2.05
-44.096 -10.674 7.04e-16 4.92e-16 3.04e-16  -0.000    2.16
-44.056  -8.388 3.85e-14 1.80e-14 8.67e-15   0.002   -2.69
-44.087  -8.991 2.37e-14 1.22e-14 5.75e-15   0.002   -1.45
-44.077  -9.798 4.67e-17 4.59e-17 3.67e-17   0.003   -0.71
-43.877 -10.295 6.17e-17 5.93e-17 4.59e-17   0.003   10.63
-43.956 -10.256 2.01e-17 2.32e-17 2.03e-17   0.002   -0.43
-43.935  -8.584 4.27e-16 3.25e-16 1.98e-16   0.002   -3.33
-43.927  -9.649 3.90e-15 2.33e-15 1.24e-15   0.002   -0.98
-44.126  -9.683 1.76e-15 1.11e-15 6.17e-16   0.001   -1.03
-44.061  -9.727 1.68e-15 1.11e-15 5.88e-16   0.003   -2.40
-44.096 -11.389 3.48e-15 2.08e-15 1.10e-15   0.001    3.82
-43.955  -9.836 7.07e-15 4.05e-15 1.96e-15   0.003   -2.69
-43.904 -13.401 1.99e-17 2.02e-17 1.64e-17   0.001   -2.72
-43.883 -13.052 4.63e-16 3.19e-16 1.93e-16   0.001   -3.41
-43.859 -10.371 5.32e-17 5.10e-17 4.22e-17   0.002   -1.02
-43.880 -29.119 5.24e-17 4.47e-17 2.76e-17   0.001   -1.00
-43.997 -10.466 1.63e-14 8.35e-15 3.94e-15   0.001   -0.96
-43.734  -9.365 1.95e-17 2.21e-17 1.97e-17   0.002   -2.32
-43.874 -13.433 2.49e-16 1.87e-16 1.15e-16   0.002   -3.32
-43.889 -10.699 6.36e-15 3.56e-15 1.81e-15   0.004   -1.73
-43.680  -9.480 6.27e-13 4.00e-13 2.26e-13   0.001   -7.38
-43.737 -10.074 6.49e-15 3.52e-15 1.84e-15   0.003   -8.07
-43.880  -9.677 7.74e-17 7.53e-17 5.64e-17   0.003   -7.55
-43.749  -9.439 2.78e-14 1.43e-14 6.59e-15   0.003   -5.62
-43.726  -9.579 2.80e-17 3.16e-17 2.55e-17   0.002   -5.01
-43.757  -9.698 3.69e-16 2.73e-16 1.83e-16   0.003   -7.89
-43.678  -9.471 6.68e-16 5.00e-16 2.78e-16   0.003   -7.41
-43.765 -34.339 2.38e-16 1.66e-16 9.79e-17   0.001   -0.55
-43.833  -9.272 1.66e-16 1.42e-16 9.99e-17   0.004   -3.13
-43.758  -9.621 6.91e-15 3.92e-15 1.93e-15   0.001   -8.19
-43.723 -10.121 1.27e-17 6.07e-18 2.76e-18   0.002   -3.94
-43.622 -33.312 1.72e-16 1.22e-16 7.38e-17  -0.000   -0.62
-43.807  -9.014 2.07e-17 2.44e-17 2.14e-17   0.003   -1.83
-43.639  -9.328 2.72e-15 1.64e-15 8.66e-16   0.002   -2.30
-43.642  -9.384 1.34e-17 1.60e-17 1.61e-17   0.003   -4.05
-43.694  -8.351 1.76e-14 9.20e-15 4.26e-15   0.001   -2.94
-43.756  -9.509 6.63e-16 4.79e-16 2.86e-16   0.002   -2.03
-43.754  -9.411 5.89e-17 5.66e-17 4.46e-17   0.002   -3.87
-43.702  -9.879 4.36e-15 2.63e-15 1.37e-15   0.002   -7.28
-43.673 -10.049 1.01e-15 7.15e-16 3.98e-16   0.002   -5.67
-43.706  -8.983 7.19e-17 7.00e-17 5.10e-17   0.001   -1.66
-43.731 -10.194 1.81e-17 2.11e-17 1.87e-17   0.003   -2.16
-43.568  -9.899 1.43e-16 1.26e-16 8.83e-17   0.001   -6.97
-43.699  -8.604 1.44e-14 7.37e-15 3.58e-15   0.003   -1.93
-43.618 -14.619 5.68e-17 5.19e-17 3.77e-17   0.002   -2.95
-43.605 -10.012 5.18e-16 3.71e-16 2.33e-16   0.002   -2.66
-43.617  -8.980 4.21e-16 3.35e-16 2.09e-16   0.003   -3.49
-43.515 -12.755 2.33e-16 1.80e-16 1.07e-16   0.000   -1.62
-43.550  -9.372 1.16e-14 6.13e-15 3.00e-15   0.002   -5.73
-43.569  -9.425 2.73e-15 1.65e-15 8.67e-16   0.000   -4.11
-43.622  -9.727 3.07e-17 3.34e-17 2.74e-17   0.002   -6.34
-43.497 -11.139 1.63e-14 8.40e-15 3.92e-15   0.002   -2.01
-43.556 -13.614 5.66e-15 3.35e-15 1.58e-15   0.003   -2.92
-43.536  -8.617 5.21e-17 5.22e-17 4.05e-17   0.001   -5.33
-43.530  -8.998 1.19e-15 7.85e-16 4.67e-16   0.002   -5.05
-43.508 -10.495 1.48e-17 1.69e-17 1.68e-17   0.003   -2.16
-43.550 -13.915 1.94e-15 1.19e-15 6.23e-16   0.002   -3.14
-43.446  -9.619 1.17e-17 1.44e-17 1.31e-17   0.002   -1.12
-43.566  -9.407 2.82e-16 2.21e-16 1.42e-16   0.004   -3.96
-43.471 -12.223 2.44e-17 2.37e-17 1.90e-17   0.002   -1.20
-43.419  -8.729 3.43e-14 1.01e-13 2.00e-13   0.001   -4.05
-43.330  -9.922 2.54e-14 1.28e-14 5.51e-15   0.002   -1.34
-43.509 -10.304 9.45e-17 9.05e-17 6.85e-17   0.002   -1.03
-43.504 -37.534 2.03e-16 1.50e-16 8.62e-17   0.002   -0.75
-43.439 -10.709 1.07e-16 9.67e-17 6.97e-17   0.003   -6.25
-43.479  -9.505 6.33e-16 4.41e-16 2.75e-16   0.001   -1.25
-43.349  -9.066 4.70e-17 4.87e-17 3.66e-17   0.003   -5.13
-43.345  -9.422 3.05e-14 1.65e-14 7.16e-15   0.002   -1.16
-43.438 -13.661 1.16e-15 7.53e-16 4.14e-16   0.001   -2.95
-43.405 -34.764 3.46e-15 1.88e-15 9.14e-16   0.002   -0.56
-43.256 -14.553 8.95e-17 7.36e-17 5.69e-17   0.001   -2.14
-43.277  -8.964 5.94e-13 3.95e-13 2.04e-13   0.003   -3.09
-43.470 -13.668 3.54e-15 2.06e-15 1.05e-15   0.001   -2.86
-43.337  -9.178 4.18e-17 4.38e-17 3.47e-17   0.003   -2.63
-43.265  -9.494 5.45e-17 5.39e-17 4.03e-17  -0.001   -1.77
-43.282  -8.345 6.18e-14 3.07e-14 1.41e-14   0.003   -0.99
-43.241  -9.904 1.02e-16 9.23e-17 6.68e-17   0.001   -4.82
-43.200  -9.585 4.96e-17 5.03e-17 4.01e-17   0.002   -4.29
-43.141  -9.195 4.12e-15 2.49e-15 1.22e-15  -0.000   -3.52
-43.164 -12.767 2.09e-17 2.03e-17 1.77e-17   0.000   -1.34
-43.074  -9.958 9.40e-16 6.53e-16 3.75e-16   0.001   -1.47
-43.199  -9.203 6.92e-13 4.05e-13 2.22e-13   0.001   -1.27
-43.218  -9.815 9.10e-16 6.35e-16 3.61e-16   0.001   -2.94
-43.238  -7.722 1.66e-17 2.13e-17 2.20e-17   0.004   -0.94
-43.137 -13.510 4.43e-16 3.12e-16 1.94e-16   0.001   -2.89
-43.089  -9.617 1.61e-17 2.02e-17 1.71e-17   0.001   -3.87
-42.907 -35.951 3.22e-16 2.12e-16 1.22e-16   0.001   -0.57
-42.950 -14.689 5.18e-16 3.73e-16 2.21e-16   0.002   -2.63
-43.010  -9.476 1.43e-17 1.76e-17 1.63e-17   0.001   -4.47
-42.957 -11.908 1.57e-17 1.65e-17 1.39e-17  -0.001   -1.17
-42.961  -9.206 1.20e-17 1.49e-17 1.36e-17   0.003   -3.27
-42.976  -9.451 1.92e-14 1.09e-14 4.77e-15   0.004   -1.91
-43.079 -11.584 1.93e-15 1.26e-15 6.88e-16   0.002   -1.98
-43.123 -12.996 2.37e-16 1.96e-16 1.17e-16  -0.001   -2.76
-42.949  -9.334 2.56e-15 1.62e-15 8.90e-16   0.002   -2.08
-42.990 -13.770 2.88e-17 2.80e-17 2.36e-17   0.000   -2.67
-43.059  -9.142 4.30e-15 2.51e-15 1.27e-15   0.004   -1.80
-42.988  -8.568 1.98e-17 2.37e-17 1.99e-17   0.003   -1.62
-43.047 -35.297 1.32e-15 8.00e-16 3.79e-16  -0.001   -0.51
-42.969  -8.929 2.87e-16 2.17e-16 1.37e-16   0.001   -1.87
-42.950  -9.172 3.05e-16 2.35e-16 1.53e-16   0.002   -2.48
-42.861  -9.190 4.54e-15 2.80e-15 1.39e-15   0.003   -2.44
-42.870  -8.582 1.24e-14 6.33e-15 3.14e-15   0.003   -3.43
-42.720  -9.145 2.01e-17 2.21e-17 2.05e-17   0.003   -4.06
-42.783  -9.391 9.17e-15 5.30e-15 2.53e-15   0.003   -4.02
-42.835 -16.875 5.50e-16 3.89e-16 2.30e-16  -0.001   -1.30
-42.660  -9.284 5.62e-13 5.27e-13 3.92e-13   0.003   -3.36
-42.826  -9.585 1.93e-15 1.27e-15 6.99e-16   0.000   -3.58
-42.690 -14.453 1.21e-16 9.92e-17 7.02e-17   0.002   -2.20
-42.621 -14.923 5.30e-16 3.78e-16 2.34e-16   0.002   -1.35
-42.512  -8.233 5.58e-16 3.77e-16 2.39e-16   0.002   -3.71
-42.576  -9.214 3.31e-14 1.72e-14 7.65e-15   0.004   -3.80
-42.486 -13.296 1.86e-16 1.48e-16 9.93e-17   0.003   -2.33
-42.442  -9.429 5.10e-17 5.08e-17 3.98e-17   0.001   -1.58
-42.547  -8.754 2.26e-17 2.67e-17 2.29e-17   0.002   -2.07
-42.346  -9.017 7.20e-13 4.78e-13 2.73e-13   0.003   -2.11
-42.412 -10.225 7.58e-17 6.84e-17 5.05e-17   0.000   -2.31
-42.457  -7.100 7.02e-15 3.68e-15 1.87e-15   0.001   -3.14
-42.409 -13.339 1.18e-16 1.00e-16 6.76e-17   0.001   -2.54
-42.295 -13.453 6.24e-15 3.34e-15 1.68e-15   0.001   -2.50
-42.290 -13.099 4.91e-15 2.75e-15 1.37e-15   0.001   -2.25
-42.251 -33.615 3.85e-16 2.65e-16 1.54e-16   0.003   -0.45
-42.226  -8.989 9.72e-15 5.19e-15 2.55e-15   0.002   -3.17
-42.081 -12.911 3.90e-16 2.88e-16 1.68e-16   0.002   -1.58
-42.072  -8.223 3.74e-15 2.31e-15 1.18e-15   0.002   -2.72
-42.104  -7.821 1.99e-16 1.70e-16 1.13e-16   0.004   -2.02
-42.082  -9.665 9.84e-15 5.35e-15 2.55e-15   0.001   -3.18
-41.949  -9.065 3.21e-16 2.52e-16 1.52e-16   0.004   -1.77
-41.993 -36.531 4.80e-17 3.96e-17 2.73e-17   0.001   -0.68
-41.964  -8.508 9.97e-17 8.88e-17 6.57e-17   0.002   -3.30
-41.964 -27.224 1.55e-17 1.55e-17 1.09e-17   0.001   -1.06
-41.898 -12.493 3.45e-16 2.48e-16 1.50e-16  -0.000   -1.59
-41.764 -34.233 1.00e-14 5.26e-15 2.39e-15  -0.000   -0.34
-41.714  -8.191 2.73e-15 1.75e-15 9.18e-16   0.000   -2.80
-41.735 -12.005 5.35e-16 3.50e-16 2.11e-16   0.001   -1.55
-41.867 -10.559 1.05e-16 8.74e-17 6.37e-17   0.002   -1.58
-41.654  -8.860 6.66e-17 6.47e-17 5.19e-17   0.003   -2.21
-41.700 -31.473 2.78e-16 1.86e-16 1.14e-16   0.001   -0.87
-41.758  -8.115 6.84e-16 4.87e-16 3.11e-16   0.001   -3.03
-41.651 -30.739 9.16e-17 6.57e-17 4.43e-17   0.001   -0.84
-41.735 -35.264 6.36e-17 5.37e-17 3.51e-17   0.002   -0.44
-41.332 -36.839 8.84e-17 6.73e-17 4.40e-17   0.002   -0.85
-41.517 -32.452 9.80e-17 7.41e-17 4.71e-17   0.002   -0.55
-41.402  -7.760 8.54e-17 7.97e-17 6.08e-17   0.004   -2.64
-41.442 -13.114 7.44e-16 5.30e-16 2.97e-16   0.002   -2.32
-41.483  -8.765 4.69e-13 5.44e-13 4.64e-13   0.001   -2.56
-41.497 -25.022 5.28e-15 5.99e-15 5.16e-15   0.031    0.70
-41.374  -8.861 4.55e-15 2.60e-15 1.40e-15   0.002   -3.05
-41.358  -7.386 6.32e-13 4.10e-13 2.29e-13   0.001   -2.82
-41.263 -32.814 2.97e-16 2.06e-16 1.12e-16   0.002   -0.38
-41.239 -13.952 8.85e-17 7.89e-17 5.55e-17   0.000   -1.68
-41.221  -7.845 3.66e-17 3.83e-17 3.21e-17   0.001   -2.28
-41.139  -8.909 1.10e-17 5.71e-18 2.40e-18   0.003   -1.59
-41.314  -9.340 8.58e-15 4.84e-15 2.24e-15   0.001   -1.61
-41.225 -31.549 4.43e-15 2.42e-15 1.14e-15   0.002   -0.62
-41.192 -33.493 5.28e-15 2.86e-15 1.32e-15   0.002   -0.13
-41.107 -32.913 4.27e-17 3.47e-17 2.51e-17   0.003   -0.35
-41.081  -8.605 1.49e-16 1.25e-16 8.68e-17   0.003   -2.43
-41.112  -8.579 1.82e-16 1.49e-16 1.07e-16   0.002   -2.29
-40.964  -7.986 2.95e-15 1.83e-15 9.57e-16   0.002   -2.20
-41.030 -34.384 1.13e-13 1.32e-13 1.24e-13   0.001   -0.38
-40.854  -8.134 1.99e-16 1.51e-16 1.05e-16   0.003   -2.09
-40.881 -13.355 3.08e-17 2.92e-17 2.46e-17   0.001   -2.28
-40.906  -9.168 7.43e-15 3.85e-15 1.97e-15   0.002   -2.64
-40.823 -12.366 1.19e-15 7.02e-16 3.75e-16   0.001   -1.49
-40.886 -11.919 2.18e-15 1.29e-15 6.32e-16   0.002   -2.28
-40.890 -33.807 9.94e-17 7.22e-17 4.58e-17   0.001   -0.12
-40.860  -8.385 2.98e-17 3.10e-17 2.57e-17   0.003   -2.84
-40.855 -32.546 1.31e-14 6.45e-15 2.85e-15   0.002   -0.32
-40.768 -35.043 2.17e-17 2.00e-17 1.48e-17   0.001   -0.61
-40.860  -8.286 2.43e-16 1.94e-16 1.27e-16   0.003   -2.54
-40.798 -34.359 6.79e-16 4.31e-16 2.41e-16  -0.000   -0.32
-40.802 -12.840 1.09e-15 7.38e-16 3.73e-16   0.002   -2.22
-40.796 -33.269 2.74e-17 2.48e-17 1.84e-17   0.004   -0.00
-40.639 -33.532 2.03e-17 1.84e-17 1.47e-17   0.002   -0.10
-40.667 -33.179 1.55e-15 9.05e-16 4.33e-16   0.001   -0.07
-40.573  -8.439 6.42e-15 3.78e-15 1.89e-15   0.001   -2.26
-40.695 -32.659 1.95e-17 1.86e-17 1.41e-17   0.002   -0.28
-40.592 -32.403 1.28e-16 9.76e-17 5.89e-17   0.001   -0.23
-40.527  -8.970 7.08e-16 4.89e-16 2.82e-16   0.001   -1.55
-40.583 -33.953 1.90e-15 1.09e-15 5.46e-16   0.001   -0.23
-40.561 -35.340 1.68e-13 1.11e-13 5.66e-14   0.000   -0.73
-40.642  -1.055 4.30e-14 2.02e-14 9.57e-15   0.003   -0.30
-40.539 -34.424 3.22e-16 2.32e-16 1.35e-16  -0.000   -0.41
-40.389 -30.057 9.10e-17 7.47e-17 4.56e-17   0.001   -0.92
-40.550 -12.454 6.66e-16 4.52e-16 2.64e-16   0.001   -2.28
-40.531  -8.232 3.18e-13 1.67e-13 7.98e-14   0.004   -2.36
-40.355 -28.398 5.44e-14 8.26e-14 9.47e-14   0.001   -1.11
-40.389 -36.027 1.55e-15 8.74e-16 4.33e-16   0.001   -0.83
-40.370 -14.201 9.66e-15 5.34e-15 2.60e-15   0.000   -1.43
-40.374 -31.169 3.34e-15 1.80e-15 8.54e-16   0.000   -0.74
-40.292 -34.925 2.06e-16 1.54e-16 8.97e-17   0.001   -0.50
-40.341 -32.072 9.14e-14 4.67e-14 2.00e-14  -0.001   -0.38
-40.195 -31.097 4.66e-16 3.05e-16 1.61e-16   0.001   -0.90
-40.338 -32.849 5.38e-16 3.41e-16 1.80e-16   0.001    0.10
-40.290 -30.448 2.16e-16 1.51e-16 9.11e-17   0.002   -0.99
-40.283 -29.659 6.46e-16 4.20e-16 2.24e-16   0.001   -1.07
-40.194 -12.471 1.83e-13 9.53e-14 4.08e-14   0.001   -2.22
-40.194 -37.135 1.66e-17 1.63e-17 1.33e-17   0.002   -1.00
-40.147 -31.827 9.39e-17 7.78e-17 4.67e-17  -0.000   -0.56
-40.039 -33.655 1.45e-16 1.06e-16 6.43e-17   0.000   -0.08
-39.912 -31.177 1.30e-17 1.39e-17 1.08e-17  -0.000   -0.83
-39.910 -33.152 1.03e-14 5.05e-15 2.35e-15  -0.000    0.30
-40.043 -31.330 3.96e-16 2.55e-16 1.46e-16   0.001   -0.78
-39.877 -32.326 2.25e-16 1.58e-16 9.21e-17   0.002   -0.11
-40.004 -12.984 1.41e-16 1.06e-16 7.61e-17   0.003   -2.15
-39.943 -32.447 2.48e-15 1.34e-15 6.73e-16   0.001    0.16
-39.825 -30.781 1.28e-17 1.33e-17 1.04e-17   0.001   -0.94
-39.760 -33.445 2.20e-16 1.43e-16 8.58e-17   0.002    0.18
-39.937 -12.399 1.00e-14 5.45e-15 2.44e-15   0.001   -1.71
-39.657 -34.840 1.02e-15 6.17e-16 3.29e-16   0.002   -0.76
-39.672 -33.810 6.05e-17 4.78e-17 3.19e-17   0.001   -0.24
-39.698 -33.501 1.48e-13 8.53e-14 4.45e-14   0.002   -0.01
-39.764 -31.958 1.31e-16 9.65e-17 6.07e-17   0.001   -0.46
-39.713 -33.369 1.39e-17 1.43e-17 1.13e-17   0.001    0.29
-39.512 -34.059 3.69e-15 2.09e-15 9.73e-16   0.001   -0.52
-39.658 -32.468 6.47e-16 4.27e-16 2.12e-16   0.002    0.27
-39.595 -33.924 3.58e-16 2.34e-16 1.44e-16   0.001   -0.63
-39.460 -34.598 2.16e-15 1.24e-15 6.28e-16   0.001   -0.67
-39.504 -30.647 2.19e-16 1.58e-16 9.35e-17   0.001   -1.08
-39.452 -33.186 5.23e-17 4.61e-17 2.95e-17   0.001    0.43
-39.478 -35.061 9.87e-17 7.94e-17 4.91e-17  -0.000   -0.86
-39.465 -33.286 7.11e-16 4.24e-16 2.29e-16   0.001   -0.28
-39.410 -30.986 1.64e-16 1.21e-16 7.39e-17   0.002   -0.92
-39.260  -8.053 1.14e-16 9.91e-17 7.29e-17   0.003   -2.26
-39.262 -33.563 2.10e-15 1.26e-15 6.18e-16   0.001   -0.53
-39.273 -31.492 1.07e-16 7.90e-17 5.12e-17   0.000   -1.04
-39.333 -11.695 2.52e-17 2.45e-17 2.01e-17   0.001   -1.84
-39.215 -32.147 4.93e-16 3.31e-16 1.85e-16   0.001    0.37
-39.286 -41.299 7.76e-17 6.36e-17 4.14e-17   0.002   -1.18
-39.200 -30.701 1.63e-17 1.57e-17 1.18e-17   0.001   -1.14
-39.271 -32.644 2.94e-17 2.64e-17 1.90e-17  -0.001    1.13
-39.210 -31.710 2.24e-16 1.53e-16 9.04e-17   0.001   -0.73
-39.105 -32.479 1.32e-14 6.40e-15 2.84e-15   0.002    1.44
-39.194 -32.835 3.34e-16 2.15e-16 1.22e-16  -0.001    0.72
-39.167 -32.276 1.21e-16 9.58e-17 6.08e-17   0.000    0.70
-39.097 -30.815 1.75e-15 9.96e-16 4.98e-16   0.003   -1.22
-38.906 -33.719 1.52e-15 8.94e-16 4.38e-16   0.001   -0.89
-39.094 -33.052 1.19e-13 6.27e-14 3.15e-14  -0.001   -0.37
-39.093 -34.491 5.05e-16 3.17e-16 1.70e-16   0.001   -0.94
-39.034 -32.338 1.46e-15 8.43e-16 4.35e-16  -0.001    1.44
-39.006 -32.343 1.77e-13 1.11e-13 6.02e-14   0.000    0.95
-38.984 -32.816 2.40e-17 2.32e-17 1.65e-17   0.001    1.11
-38.955 -32.269 2.25e-16 1.62e-16 9.59e-17   0.001    2.44
-38.933 -31.836 1.35e-17 1.32e-17 1.06e-17   0.000   -1.23
-38.887 -32.142 1.25e-15 7.30e-16 3.66e-16   0.002    0.10
-38.905 -25.349 1.31e-16 1.28e-16 9.54e-17   0.005   -0.41
-38.841 -32.341 1.84e-15 1.07e-15 5.23e-16   0.003    0.24
-38.959 -32.371 8.32e-16 4.97e-16 2.74e-16  -0.002    3.94
-38.698 -32.159 1.11e-16 9.05e-17 5.75e-17   0.002    7.70
-38.933 -32.023 9.22e-16 5.61e-16 2.99e-16  -0.001   -0.58
-38.927 -32.394 1.75e-17 1.70e-17 1.26e-17   0.000    5.17
-38.831 -32.303 6.43e-15 3.45e-15 1.53e-15   0.002    7.80
-38.880 -32.249 8.38e-17 6.24e-17 4.18e-17   0.000   -0.76
-38.857 -30.533 1.20e-16 8.46e-17 5.75e-17   0.001   -1.32
-38.785 -31.806 1.13e-14 5.64e-15 2.47e-15   0.001   -1.44
-38.826 -32.399 3.46e-17 2.84e-17 2.28e-17   0.000   -0.27
-38.660 -32.339 6.86e-17 5.79e-17 3.74e-17   0.001    6.70
-38.947 -32.302 6.02e-17 4.96e-17 3.29e-17   0.001   -4.59
-38.902 -33.012 1.03e-15 6.21e-16 3.49e-16  -0.001   -0.95
-38.708 -31.483 1.22e-15 7.21e-16 3.81e-16   0.000   -1.47
-38.711 -32.251 4.76e-16 3.35e-16 1.79e-16   0.003  -35.85
-38.742 -32.536 1.40e-17 1.47e-17 1.13e-17   0.000    7.52
-38.722 -32.194 1.35e-13 7.70e-14 3.71e-14  -0.000   -3.28
-38.642 -34.253 1.02e-15 5.72e-16 3.21e-16   0.000   -1.13
-38.704 -32.048 4.39e-15 2.33e-15 1.10e-15   0.001   -4.02
-38.658 -31.922 6.71e-17 5.60e-17 3.82e-17   0.001   -2.32
-38.634 -32.169 2.35e-16 1.67e-16 9.28e-17   0.001   -2.25
-38.658 -25.968 9.82e-16 5.99e-16 2.95e-16   0.003   -1.23
-38.652 -32.632 4.54e-17 3.87e-17 2.72e-17  -0.001   -1.65
-38.676 -31.200 2.00e-16 1.44e-16 8.23e-17   0.001   -1.59
-38.710 -32.811 1.44e-13 8.01e-14 3.99e-14   0.002   -7.05
-38.630 -32.036 2.11e-15 1.19e-15 5.57e-16  -0.001   -3.35
-38.515 -32.509 8.20e-16 5.10e-16 2.71e-16   0.002   -3.51
-38.634 -32.569 1.09e-17 1.14e-17 8.94e-18   0.001   -1.55
-38.546 -32.365 8.11e-15 4.27e-15 1.99e-15   0.001   -5.53
-38.640 -31.671 2.70e-15 1.57e-15 7.48e-16   0.001   -1.65
-38.649 -31.537 7.03e-15 3.81e-15 1.76e-15   0.001   -2.14
-38.594 -31.337 1.10e-14 5.48e-15 2.57e-15   0.003   -1.64
-38.609 -31.774 1.63e-13 9.55e-14 5.17e-14   0.001   -1.70
-38.510  -6.962 1.91e-15 1.21e-15 6.81e-16   0.002   -2.01
-38.457  -6.411 6.96e-16 5.23e-16 3.38e-16   0.001   -1.26
-38.482 -32.434 1.92e-15 1.17e-15 5.84e-16   0.001   -3.70
-38.519 -32.708 3.05e-17 2.70e-17 2.06e-17   0.000   -1.59
-38.467 -32.380 1.57e-15 9.61e-16 4.76e-16   0.002   -3.63
-38.452 -32.803 9.56e-14 5.14e-14 2.27e-14   0.001   -1.50
-38.405 -32.685 2.61e-16 1.86e-16 1.04e-16   0.001   -2.28
-38.519 -32.371 1.43e-17 1.39e-17 1.08e-17   0.003   -4.17
-38.266 -32.692 4.23e-15 2.33e-15 1.06e-15  -0.000   -2.24
-38.432 -32.180 6.59e-16 4.22e-16 2.18e-16   0.000   -4.03
-38.439 -30.046 2.11e-16 1.47e-16 8.92e-17   0.002   -1.48
-38.322 -31.889 5.69e-15 3.04e-15 1.35e-15   0.001   -2.75
-38.262  -7.696 5.24e-17 5.02e-17 4.09e-17   0.002   -2.20
-38.352 -30.143 4.89e-17 3.93e-17 2.70e-17   0.001   -1.67
-38.275 -32.405 1.03e-15 6.09e-16 3.13e-16   0.001   -3.84
-38.362 -32.155 7.92e-16 4.84e-16 2.55e-16  -0.000   -2.54
-38.301 -32.755 5.31e-17 4.65e-17 3.03e-17   0.003   -2.34
-38.337 -32.400 3.96e-17 3.37e-17 2.48e-17   0.002   -3.34
-38.332 -34.036 2.12e-15 1.11e-15 5.77e-16  -0.000   -1.33
-38.254 -31.715 1.55e-17 1.55e-17 1.22e-17  -0.000   -2.93
-38.107 -31.725 1.77e-17 1.67e-17 1.32e-17   0.000   -2.81
-38.124  -6.265 1.10e-16 9.40e-17 7.29e-17   0.004   -1.95
-38.213 -31.840 2.67e-16 1.91e-16 1.04e-16  -0.000   -2.49
-38.264 -31.526 1.68e-16 1.26e-16 7.51e-17   0.001   -2.57
-38.182 -32.655 1.06e-16 8.13e-17 5.30e-17   0.000   -1.97
-38.112 -31.608 1.82e-15 9.70e-16 4.85e-16   0.002   -2.84
-38.130 -30.501 2.29e-16 1.56e-16 9.66e-17   0.000   -1.68
-38.241 -31.624 1.06e-16 8.65e-17 5.02e-17   0.001   -3.07
-38.100 -34.223 7.67e-15 3.83e-15 1.81e-15   0.003   -1.33
-37.920 -31.251 1.11e-15 6.55e-16 3.36e-16   0.001   -2.43
-37.997 -32.762 2.37e-15 1.29e-15 6.27e-16   0.000   -2.13
-38.056 -33.822 1.67e-13 1.08e-13 5.78e-14   0.001   -1.62
-37.874 -11.412 1.56e-14 7.96e-15 3.39e-15   0.002   -1.63
-38.128 -29.871 1.52e-16 1.08e-16 6.50e-17   0.003   -1.71
-38.011 -32.221 1.95e-13 1.56e-13 9.51e-14   0.002   -2.69
-37.983 -12.353 6.52e-17 5.72e-17 4.02e-17   0.003   -1.92
-37.907 -12.215 1.57e-17 1.76e-17 1.49e-17   0.002   -1.91
-37.956 -38.266 1.00e-16 8.22e-17 5.37e-17   0.000   -1.23
-37.778  -7.348 1.19e-16 1.02e-16 7.95e-17   0.002   -2.22
-37.997 -31.497 1.69e-15 9.43e-16 4.79e-16   0.001   -2.08
-37.802 -31.767 1.81e-16 1.30e-16 7.62e-17   0.002   -2.67
-37.694  -6.750 2.65e-14 1.28e-14 5.86e-15   0.001   -1.42
-37.761 -33.427 1.01e-17 1.12e-17 8.69e-18   0.000   -1.56
-37.698 -30.299 1.52e-17 1.63e-17 1.24e-17   0.001   -1.87
-37.645 -30.964 2.24e-17 2.16e-17 1.55e-17   0.000   -2.19
-37.645 -32.758 2.85e-17 2.54e-17 1.88e-17   0.001   -2.07
-37.649 -32.330 1.08e-16 8.34e-17 5.56e-17   0.001   -2.61
-37.798 -31.945 9.21e-16 5.59e-16 2.91e-16   0.001   -2.67
-37.541 -37.003 5.34e-16 3.59e-16 2.00e-16   0.001   -1.27
-37.698 -31.211 1.04e-13 5.34e-14 2.38e-14  -0.000   -2.48
-37.539 -31.562 1.71e-16 1.29e-16 7.42e-17   0.001   -2.63
-37.656 -33.822 6.13e-15 3.20e-15 1.59e-15   0.001   -1.49
-37.479 -29.900 4.17e-16 2.70e-16 1.43e-16   0.001   -1.74
-37.495  -7.184 2.05e-17 9.52e-18 4.28e-18   0.003   -2.13
-37.412  -6.488 4.27e-16 3.34e-16 2.16e-16   0.003   -2.19
-37.374  -5.750 2.27e-15 1.57e-15 8.45e-16   0.002   -1.38
-37.264 -34.193 1.01e-14 5.53e-15 2.36e-15   0.001   -1.47
-37.166 -31.099 6.33e-17 5.20e-17 3.35e-17   0.001   -2.46
-37.222 -31.447 1.48e-13 1.53e-13 1.22e-13   0.002   -2.45
-37.087 -29.740 1.47e-16 1.07e-16 6.70e-17   0.002   -1.80
-36.989 -33.335 1.96e-13 1.22e-13 7.22e-14   0.003   -1.69
-37.048  -9.908 1.66e-14 8.56e-15 3.78e-15   0.001   -1.26
-36.823 -34.582 5.78e-15 3.31e-15 1.49e-15   0.000   -1.49
-36.858 -31.323 4.30e-17 3.63e-17 2.61e-17   0.003   -2.41
-36.872 -32.429 7.26e-17 5.74e-17 3.90e-17   0.001   -2.00
-36.908 -28.266 3.69e-15 1.88e-15 9.10e-16   0.002   -1.53
-36.858 -28.923 1.35e-13 7.81e-14 3.88e-14   0.002   -1.72
-36.693 -33.319 5.58e-16 3.52e-16 2.03e-16   0.001   -1.63
-36.710 -30.378 3.26e-16 2.24e-16 1.21e-16   0.001   -2.16
-36.617 -31.927 6.33e-15 3.31e-15 1.51e-15   0.001   -2.24
-36.476  -6.651 2.49e-17 2.76e-17 2.34e-17   0.002   -2.02
-36.590 -29.172 1.27e-16 9.37e-17 5.64e-17   0.002   -1.79
-36.445 -29.081 7.99e-14 4.20e-14 1.98e-14   0.000   -1.78
-36.327 -25.833 3.20e-16 2.49e-16 1.54e-16   0.002   -0.58
-36.232 -36.516 1.21e-17 5.56e-18 2.51e-18   0.000   -1.36
-36.160 -25.939 2.09e-16 1.46e-16 8.25e-17   0.000   -1.38
-36.244 -32.632 3.64e-17 3.12e-17 2.27e-17   0.002   -1.85
-36.143 -32.581 6.11e-16 3.67e-16 2.10e-16  -0.000   -1.94
-35.940 -32.022 9.77e-15 4.80e-15 2.26e-15  -0.000   -1.92
-35.996 -32.305 9.58e-16 5.44e-16 2.99e-16   0.002   -1.94
-35.948 -32.809 1.27e-17 1.34e-17 1.09e-17   0.000   -1.88
-36.054 -33.563 7.25e-17 5.77e-17 3.77e-17  -0.001   -1.71
-35.894 -30.260 4.63e-17 3.91e-17 2.70e-17   0.002   -2.13
-35.827 -27.286 3.23e-16 2.25e-16 1.23e-16   0.001   -1.65
-35.243 -34.713 3.48e-15 1.94e-15 9.20e-16   0.003   -1.57
-35.199 -22.677 1.03e-17 1.39e-17 1.40e-17   0.004   -0.26
-34.742 -30.349 9.54e-16 5.65e-16 2.88e-16   0.002   -1.97
-34.779 -30.311 8.24e-15 4.43e-15 1.96e-15   0.001   -2.00
-34.533 -21.887 2.25e-16 1.55e-16 9.52e-17   0.002   -1.28
-34.471 -34.104 5.32e-16 3.36e-16 1.88e-16  -0.001   -1.60
-34.327 -30.589 1.98e-15 1.07e-15 5.34e-16  -0.000   -1.98
-34.222 -30.207 8.16e-16 5.29e-16 2.67e-16  -0.001   -1.90
-34.140 -23.054 2.45e-17 1.25e-17 5.55e-18   0.002    0.06
-33.883 -22.850 2.62e-14 1.36e-14 6.59e-15   0.002    0.07
-33.649 -21.319 2.02e-14 1.09e-14 5.09e-15   0.003   -0.26
-33.682 -32.992 9.50e-15 4.99e-15 2.27e-15   0.002   -1.61
-33.462 -31.537 4.13e-17 3.63e-17 2.48e-17   0.002   -1.78
-33.389  -5.549 1.98e-16 1.64e-16 1.12e-16   0.003   -1.73
-33.232 -21.884 3.11e-17 1.53e-17 7.23e-18   0.001    0.09
-33.061 -23.574 1.22e-17 1.64e-17 1.53e-17   0.001    0.12
-33.039 -22.565 3.07e-17 3.28e-17 2.69e-17   0.002   -0.11
-33.127  -5.821 4.44e-15 2.47e-15 1.25e-15   0.001   -0.58
-32.965 -23.084 2.57e-14 1.36e-14 6.11e-15   0.003   -0.46
-33.036 -22.080 1.54e-17 1.55e-17 1.20e-17   0.002   -1.27
-32.581 -30.237 1.20e-16 9.04e-17 5.59e-17   0.001   -1.82
-32.210 -20.481 1.96e-16 1.77e-16 1.24e-16   0.003   -0.33
-32.208 -21.132 3.89e-17 4.10e-17 3.64e-17   0.003    0.15
-31.881 -24.530 2.54e-15 1.40e-15 6.83e-16   0.002   -1.46
-31.803 -11.648 1.46e-15 8.59e-16 4.82e-16   0.003   -1.54
-31.706  -5.290 1.62e-14 8.47e-15 4.15e-15   0.003   -1.69
-31.630 -28.340 1.09e-16 7.65e-17 4.99e-17   0.001   -1.69
-31.729 -19.438 4.12e-16 3.29e-16 2.22e-16   0.002   -0.28
-31.547 -11.376 1.08e-14 5.68e-15 2.68e-15   0.001   -1.64
-31.440 -20.339 1.69e-15 1.07e-15 6.50e-16   0.000    0.27
-31.377 -20.786 8.39e-16 6.02e-16 3.68e-16   0.001    0.39
-31.357 -18.534 2.51e-14 1.29e-14 6.26e-15   0.003   -0.44
-31.203 -17.106 4.29e-17 2.21e-17 9.77e-18   0.003   -0.69
-31.150 -21.462 3.42e-16 2.66e-16 1.62e-16   0.002   -0.68
-31.013 -39.488 8.77e-16 5.17e-16 2.85e-16   0.001   -1.30
-30.495 -20.099 1.70e-16 1.57e-16 1.12e-16   0.002    0.17
-30.561 -18.458 1.66e-15 1.14e-15 6.57e-16   0.003   -0.16
-30.297 -18.772 1.60e-16 1.48e-16 9.84e-17   0.002    0.67
-30.087 -19.309 7.34e-17 7.15e-17 5.47e-17   0.001    0.40
-30.119  -0.395 4.58e-16 3.13e-16 1.99e-16   0.004   -0.40
-30.080 -19.340 7.82e-15 4.66e-15 2.36e-15   0.003   -0.16
-30.060 -19.820 2.12e-14 1.07e-14 4.81e-15   0.004    0.41
-29.962 -19.725 8.29e-16 5.94e-16 3.29e-16   0.002    0.23
-29.823 -19.648 1.44e-17 1.81e-17 1.59e-17   0.003    0.15
-29.676  -5.503 3.82e-15 2.21e-15 1.08e-15   0.001   -1.05
-29.837 -18.159 2.20e-17 2.55e-17 2.41e-17   0.004   -0.14
-29.764 -19.156 8.64e-16 6.35e-16 3.84e-16   0.001    0.63
-29.756  -5.050 3.94e-16 2.76e-16 1.70e-16   0.001   -1.29
-29.623 -18.996 4.48e-14 2.27e-14 1.09e-14   0.002    0.26
-29.473  -4.857 1.05e-16 1.01e-16 6.73e-17   0.002   -1.50
-29.550  -2.278 9.78e-17 8.48e-17 5.88e-17   0.002   -0.51
-29.391 -18.606 5.97e-16 4.41e-16 2.72e-16   0.003    0.20
-29.135 -18.611 3.68e-17 4.09e-17 3.39e-17   0.004    0.48
-29.048 -16.536 3.48e-15 2.11e-15 1.11e-15   0.001   -0.05
-29.066 -19.922 3.82e-16 2.48e-16 1.35e-16  -0.001   -1.24
-28.990 -16.461 1.00e-17 1.29e-17 1.36e-17   0.003   -0.26
-28.878 -18.856 6.49e-16 4.33e-16 2.75e-16   0.001   -0.64
-28.902 -18.432 1.35e-17 1.67e-17 1.48e-17   0.003   -0.40
-28.758 -14.788 1.06e-13 5.48e-14 2.42e-14   0.003   -0.79
-28.824 -18.463 1.93e-14 1.07e-14 5.11e-15   0.002    0.31
-28.599 -17.521 4.09e-14 2.06e-14 9.58e-15   0.004    0.78
-28.652 -17.012 3.64e-15 2.41e-15 1.18e-15   0.000   -0.03
-28.518 -17.398 3.62e-13 5.13e-13 5.45e-13   0.003    0.31
-28.486 -17.576 1.58e-15 9.59e-16 5.89e-16   0.002    0.49
-28.293 -17.641 1.41e-17 1.68e-17 1.63e-17   0.001    0.96
-28.295 -17.475 2.04e-17 2.38e-17 2.11e-17   0.003    1.30
-28.299 -17.874 1.99e-17 2.16e-17 1.92e-17   0.002   -0.45
-28.052 -17.625 7.07e-16 5.18e-16 3.10e-16  -0.000    1.24
-27.985 -17.913 2.01e-17 2.37e-17 2.04e-17   0.003    1.07
-28.132 -16.678 7.18e-17 7.32e-17 5.43e-17   0.003    0.06
-28.015 -17.902 1.40e-16 1.21e-16 9.30e-17   0.002    1.16
-28.081 -16.845 2.19e-14 1.17e-14 5.65e-15   0.003    0.05
-27.941 -17.835 3.71e-15 2.22e-15 1.19e-15   0.000    1.15
-27.982 -17.093 1.39e-14 7.96e-15 3.59e-15   0.001    0.03
-28.052 -17.613 1.05e-15 8.88e-15 4.27e-14   0.001    0.20
-27.772 -16.962 1.57e-17 1.96e-17 1.77e-17   0.002    0.26
-27.758 -15.473 2.80e-15 1.71e-15 9.38e-16   0.002    1.03
-27.777 -17.840 3.72e-14 1.88e-14 8.76e-15   0.002    0.05
-27.705 -17.150 8.79e-17 8.74e-17 6.55e-17   0.003    0.48
-27.635 -13.881 5.49e-17 5.64e-17 4.37e-17   0.003   -0.95
-27.555 -16.078 1.66e-15 1.05e-15 6.33e-16   0.002    1.29
-27.402 -18.688 1.04e-17 1.34e-17 1.34e-17   0.002   -0.40
-27.646 -14.975 5.79e-16 4.30e-16 2.71e-16   0.002    0.86
-27.551 -17.283 5.12e-14 2.59e-14 1.14e-14   0.002    1.61
-27.539 -17.912 3.73e-14 1.93e-14 8.77e-15   0.004   -0.43
-27.511 -17.330 2.59e-17 2.93e-17 2.58e-17   0.002    1.37
-27.243 -16.474 2.25e-16 1.99e-16 1.32e-16   0.006    1.05
-27.256 -15.522 5.00e-13 2.88e-13 1.34e-13   0.002    0.88
-27.190 -15.442 9.16e-16 6.56e-16 3.96e-16   0.003    3.46
-27.240 -14.895 2.89e-14 1.53e-14 7.63e-15   0.004   -0.83
-27.138 -15.811 6.19e-16 4.61e-16 3.05e-16   0.003   -0.61
-27.095 -16.069 1.25e-16 1.18e-16 8.30e-17   0.002    2.65
-27.112 -15.267 2.03e-16 1.70e-16 1.19e-16   0.001   -0.32
-26.906 -17.285 1.66e-17 7.89e-18 3.49e-18   0.001   -0.47
-26.963 -15.971 1.30e-15 8.96e-16 4.93e-16   0.001    3.17
-26.906 -16.571 3.49e-17 3.56e-17 3.18e-17   0.003    2.51
-26.841 -15.792 1.47e-15 9.38e-16 5.45e-16   0.001   -0.31
-26.784 -17.020 3.43e-16 2.63e-16 1.71e-16   0.002   -0.73
-26.776 -16.415 1.32e-15 9.17e-16 5.29e-16   0.003    2.57
-26.843 -15.199 4.93e-14 2.35e-14 1.08e-14   0.003    6.04
-26.888 -15.385 1.32e-15 8.57e-16 5.17e-16   0.003    4.70
-26.745 -14.780 7.68e-15 4.43e-15 2.28e-15   0.002   -0.93
-26.744 -15.760 6.37e-16 4.57e-16 2.84e-16   0.001    2.44
-26.713 -15.174 1.37e-15 9.06e-16 5.18e-16   0.003    1.11
-26.637 -16.795 8.88e-17 8.34e-17 6.27e-17   0.002   -0.15
-26.672 -14.664 3.43e-16 2.85e-16 1.87e-16   0.002   -0.85
-26.633 -15.345 3.30e-17 3.62e-17 2.98e-17   0.002    1.46
-26.647 -16.663 6.98e-13 4.66e-13 2.58e-13  -0.000   -0.57
-26.591 -14.607 6.37e-13 3.34e-13 1.51e-13   0.004   -0.82
-26.525 -16.105 3.76e-17 3.84e-17 3.45e-17   0.002    2.65
-26.684 -15.475 4.89e-15 2.90e-15 1.48e-15   0.001    2.63
-26.726 -16.362 2.52e-14 1.30e-14 6.13e-15   0.004    2.91
-26.566 -14.107 4.00e-17 4.45e-17 3.66e-17   0.001   -2.27
-26.441 -14.704 1.60e-17 1.91e-17 1.83e-17   0.002   -5.68
-26.452 -15.852 5.44e-14 2.66e-14 1.24e-14   0.002    4.06
-26.591 -15.654 5.14e-13 2.63e-13 1.32e-13   0.001    3.31
-26.514 -16.207 7.31e-17 7.50e-17 5.65e-17   0.001   -0.19
-26.382 -14.777 1.95e-14 1.12e-14 5.39e-15   0.003   -0.84
-26.536 -15.509 4.83e-17 4.87e-17 4.28e-17   0.001    3.08
-26.504 -15.892 2.20e-17 1.04e-17 4.40e-18   0.003   -0.22
-26.449 -15.998 2.59e-16 2.19e-16 1.46e-16   0.003   -0.66
-26.375 -16.711 5.22e-13 3.31e-13 1.62e-13   0.001   -0.72
-26.285 -15.683 1.20e-16 1.12e-16 8.33e-17   0.000    1.83
-26.313 -16.285 2.14e-14 1.12e-14 5.40e-15   0.004    4.02
-26.318 -15.804 1.29e-16 1.17e-16 8.81e-17   0.002    1.74
-26.324 -16.042 3.40e-14 1.79e-14 8.15e-15   0.003    5.44
-26.206 -15.236 3.92e-13 2.05e-13 9.33e-14   0.001   -2.20
-26.321 -17.099 6.15e-15 3.52e-15 1.88e-15   0.005    0.14
-26.166 -16.669 2.12e-15 1.39e-15 7.34e-16   0.003   -0.05
-26.183 -15.737 2.18e-16 1.85e-16 1.25e-16   0.003    8.35
-26.260 -15.702 3.07e-14 1.59e-14 7.33e-15   0.004   -0.19
-26.152 -16.107 7.17e-13 6.68e-13 5.01e-13   0.002    0.02
-26.125 -13.652 2.92e-17 1.33e-17 6.10e-18   0.002   -3.64
-26.167 -16.319 2.57e-17 3.04e-17 2.48e-17   0.002    0.49
-26.145 -15.386 2.67e-17 2.92e-17 2.56e-17   0.002   -0.86
-26.099 -15.743 2.59e-15 1.79e-15 9.08e-16   0.003   -0.88
-26.137 -15.686 2.99e-16 2.53e-16 1.54e-16   0.001   -2.04
-26.199 -15.524 6.60e-16 4.81e-16 3.03e-16   0.000   -1.91
-26.065 -14.184 1.66e-15 1.19e-15 6.70e-16   0.003   -0.97
-25.942 -15.957 3.30e-16 2.75e-16 1.78e-16   0.002   -0.77
-26.009 -14.915 3.07e-16 2.61e-16 1.69e-16   0.004   -0.90
-26.009 -16.244 5.16e-17 5.08e-17 4.19e-17   0.003   -0.69
-26.136 -15.725 6.83e-16 5.14e-16 3.15e-16   0.001   -4.67
-25.847 -15.268 4.12e-16 3.25e-16 2.02e-16   0.003   -5.68
-26.003 -15.636 2.02e-17 2.25e-17 2.06e-17   0.003   -0.87
-25.942 -15.259 3.73e-13 2.00e-13 9.15e-14   0.003   -1.72
-25.741 -14.949 3.72e-16 3.05e-16 1.94e-16   0.002   -4.94
-25.899 -15.395 8.38e-15 4.48e-15 2.43e-15   0.004   -4.08
-25.913 -15.576 1.13e-17 1.41e-17 1.48e-17   0.002   -4.82
-25.777 -15.022 3.11e-15 1.85e-15 1.10e-15   0.002   -1.60
-25.854 -15.831 2.30e-14 1.14e-14 5.56e-15   0.003   -1.38
-25.820 -26.503 1.00e-17 1.02e-17 9.17e-18   0.002   -1.47
-25.801 -15.158 1.31e-16 1.22e-16 8.78e-17   0.002   -5.62
-25.853 -15.472 1.25e-16 1.14e-16 7.92e-17   0.004   -6.16
-25.692 -15.019 2.04e-17 2.45e-17 2.03e-17   0.002   -2.23
-25.767 -14.988 1.28e-16 1.11e-16 8.19e-17   0.001   -1.45
-25.618  -1.779 1.32e-14 7.01e-15 3.42e-15   0.001   -0.50
-25.672 -13.960 3.31e-14 1.85e-14 8.13e-15   0.004   -0.98
-25.607 -16.019 2.29e-16 1.95e-16 1.36e-16   0.003   -1.52
-25.822 -16.077 2.43e-16 2.02e-16 1.35e-16   0.003   -3.58
-25.673 -14.955 1.57e-14 8.61e-15 3.85e-15   0.001   -3.49
-25.733 -15.031 2.91e-15 1.89e-15 1.03e-15   0.003   -1.98
-25.536 -15.630 5.31e-15 3.26e-15 1.57e-15   0.002   -5.51
-25.428 -16.841 1.12e-17 1.47e-17 1.46e-17   0.002    7.80
-25.471 -15.290 2.02e-17 2.53e-17 2.15e-17   0.001   -4.24
-25.416 -14.069 5.97e-16 4.48e-16 2.71e-16   0.004   -3.16
-25.456 -15.838 2.00e-17 9.85e-18 4.51e-18   0.001   -5.21
-25.559 -15.653 3.46e-15 2.13e-15 1.10e-15   0.003   -2.14
-25.333 -15.729 2.00e-15 1.38e-15 7.69e-16   0.002   -4.89
-25.455 -13.253 1.22e-14 6.70e-15 3.28e-15   0.002   -1.66
-25.286 -13.768 2.75e-15 1.74e-15 9.21e-16   0.002   -2.87
-25.356 -15.925 2.73e-16 2.14e-16 1.45e-16   0.002   -0.99
-25.306 -15.521 1.56e-16 1.43e-16 9.80e-17   0.004   -4.23
-25.256 -15.324 2.45e-17 2.70e-17 2.47e-17   0.002   -1.81
-25.299 -14.723 3.00e-14 1.60e-14 6.99e-15   0.001   -2.98
-25.270 -15.524 2.93e-17 3.11e-17 2.79e-17   0.004   -4.83
-25.252 -15.162 3.42e-14 1.70e-14 7.91e-15   0.002   -3.26
-25.299 -14.039 4.40e-16 3.34e-16 2.26e-16   0.002   -2.60
-25.381 -14.826 6.52e-17 6.49e-17 4.82e-17   0.003   -2.09
-25.214 -14.360 1.42e-14 7.59e-15 3.87e-15   0.001   -3.29
-24.965 -11.313 2.84e-16 2.37e-16 1.62e-16   0.002   -1.46
-24.882 -14.652 1.71e-17 2.09e-17 1.89e-17   0.003   -1.80
-24.628 -14.703 1.03e-14 5.92e-15 2.83e-15   0.002   -1.64
-24.829 -15.947 8.01e-15 4.59e-15 2.28e-15   0.002   -1.21
-24.751 -14.708 4.40e-15 2.63e-15 1.42e-15   0.001   -3.36
-24.787 -14.729 1.10e-16 1.02e-16 7.57e-17   0.004   -3.33
-24.713 -13.734 4.81e-17 5.23e-17 4.31e-17   0.003   -2.32
-24.810 -13.304 8.31e-17 7.79e-17 5.78e-17   0.002   -2.44
-24.621 -14.759 3.15e-14 1.75e-14 7.36e-15   0.003   -1.57
-24.863 -13.558 2.15e-16 1.75e-16 1.28e-16   0.003   -2.15
-24.633 -14.880 1.40e-16 1.29e-16 8.44e-17   0.002   -1.41
-24.696 -14.947 8.07e-17 7.97e-17 6.01e-17   0.000   -2.31
-24.570 -14.448 2.17e-17 2.51e-17 2.34e-17   0.004   -2.68
-24.463 -14.157 2.26e-17 2.61e-17 2.31e-17   0.002   -2.42
-24.273 -13.064 2.04e-17 2.39e-17 2.20e-17   0.001   -2.02
-24.414 -13.580 3.32e-14 1.72e-14 7.58e-15   0.001   -2.84
-24.244 -13.380 1.77e-13 3.23e-13 4.12e-13   0.002   -2.43
-24.013 -13.831 9.53e-15 5.58e-15 2.73e-15   0.003   -2.54
-24.122 -13.821 1.18e-17 1.51e-17 1.48e-17   0.002   -1.93
-23.991 -11.162 6.94e-16 5.48e-16 3.60e-16   0.004   -0.92
-24.072 -14.298 1.04e-17 1.35e-17 1.36e-17   0.001   -2.53
-23.777 -13.979 2.78e-16 2.24e-16 1.49e-16   0.003   -2.75
-23.668 -13.249 2.02e-15 1.35e-15 6.93e-16   0.001   -2.63
-23.794 -13.209 1.17e-17 1.59e-17 1.56e-17   0.001   -1.19
-23.715 -12.300 1.30e-15 8.46e-16 4.88e-16   0.003   -2.11
-23.543 -13.065 6.60e-13 3.85e-13 1.95e-13   0.002   -1.99
-23.672 -13.747 1.76e-17 2.13e-17 1.87e-17   0.002   -1.65
-23.572 -12.571 6.72e-17 6.55e-17 5.43e-17   0.004   -2.48
-23.590 -13.395 2.25e-13 3.29e-13 3.72e-13   0.002   -1.10
-23.454 -14.253 7.49e-15 4.30e-15 2.12e-15   0.004   -1.20
-23.134 -12.438 7.95e-15 4.70e-15 2.23e-15   0.001   -2.29
-22.893 -14.012 2.79e-14 1.42e-14 6.85e-15   0.002   -2.53
-22.619 -11.783 3.44e-16 2.73e-16 1.88e-16   0.003   -2.14
-22.455 -13.030 3.27e-15 2.13e-15 1.10e-15   0.002   -2.09
-22.253  -9.413 1.55e-14 9.03e-15 4.41e-15   0.004   -0.85
-22.205 -12.034 1.17e-15 7.77e-16 4.18e-16   0.003   -0.87
-22.136 -11.946 3.11e-17 1.48e-17 6.69e-18   0.002   -2.14
-22.027 -11.869 3.07e-17 3.20e-17 2.72e-17   0.003   -2.05
-22.044 -12.806 1.62e-17 1.92e-17 1.72e-17   0.003   -0.96
-21.920 -10.449 9.91e-16 7.23e-16 4.55e-16   0.003   -1.07
-21.833 -12.178 9.47e-17 8.58e-17 6.32e-17   0.001   -1.74
-21.406 -11.376 4.71e-16 3.76e-16 2.37e-16   0.003   -2.01
-21.314 -12.875 2.22e-16 1.69e-16 1.13e-16   0.002   -1.00
-21.000  -2.429 2.23e-17 2.36e-17 1.91e-17   0.002   -0.46
-21.001 -10.725 1.40e-17 1.83e-17 1.73e-17   0.001   -1.89
-20.746 -10.926 5.13e-14 1.24e-13 2.14e-13   0.001   -1.06
-20.535  -9.081 1.46e-15 1.03e-15 6.30e-16   0.001   -1.22
-20.310  -9.737 3.62e-17 4.17e-17 3.48e-17   0.003   -1.52
-20.330 -11.129 2.21e-17 2.63e-17 2.30e-17   0.004   -1.68
-19.991 -10.713 5.31e-15 3.07e-14 8.94e-14   0.002   -1.28
-19.300  -9.841 4.74e-13 2.62e-13 1.33e-13   0.002   -1.52
-19.204  -6.427 8.71e-15 5.14e-15 2.64e-15   0.002   -1.03
-19.080  -8.793 1.37e-14 7.43e-15 3.62e-15   0.003   -1.59
-19.084  -9.112 2.21e-16 1.91e-16 1.33e-16   0.003   -1.30
-18.883  -9.630 2.02e-17 9.48e-18 4.13e-18   0.002   -1.12
-18.887 -11.421 1.50e-14 8.04e-15 3.59e-15   0.001   -0.69
-18.507  -9.292 3.88e-15 2.26e-15 1.13e-15   0.001   -0.92
-18.406  -7.949 1.50e-16 1.38e-16 9.38e-17   0.003   -1.54
-18.233  -6.536 8.90e-15 5.49e-15 2.56e-15   0.003   -1.06
-17.851  -8.984 2.37e-16 1.98e-16 1.28e-16   0.002   -1.23
-17.546  -8.076 1.60e-17 1.99e-17 1.91e-17   0.003   -1.24
-16.038  -7.110 1.92e-17 2.31e-17 2.10e-17   0.001   -1.33
-14.528  -3.222 2.31e-17 2.34e-17 1.88e-17   0.002   -0.37
-14.515 -44.488 1.99e-09 1.41e-09 8.63e-10   0.109    0.01
-13.396  -6.652 1.21e-16 9.85e-17 6.99e-17   0.002   -0.65
-10.413  -1.277 8.30e-15 4.84e-15 2.43e-15   0.002   -0.93
