 25.923  -8.256 6.53e-17 4.59e-17 2.82e-17 63.43  741.42
 25.994  -8.648 6.86e-17 4.82e-17 3.29e-17 49.02  741.47
 26.057  -8.827 7.00e-17 4.45e-17 2.54e-17 39.91  741.59
 26.082  -8.592 6.36e-17 3.85e-17 2.91e-17 43.06  741.38
 26.192  -8.494 6.04e-17 3.91e-17 2.53e-17 27.82  741.61
 26.215  -8.451 4.92e-17 3.80e-17 2.39e-17 57.78  741.68
 26.283  -8.552 5.52e-17 4.02e-17 2.60e-17 34.14  741.58
 26.339  -8.220 6.29e-17 4.93e-17 3.20e-17 39.81  741.56
 26.387  -8.493 6.01e-17 4.11e-17 2.67e-17 46.00  741.57
 26.392  -8.491 6.89e-17 4.91e-17 3.16e-17 19.80  741.69
 26.399  -8.490 6.25e-17 5.07e-17 3.22e-17 42.84  741.59
 26.409  -8.485 6.18e-17 4.76e-17 2.66e-17 56.26  741.44
 26.413  -8.498 5.89e-17 4.56e-17 3.06e-17 35.17  741.49
 26.424  -8.528 6.20e-17 4.05e-17 3.06e-17 26.78  741.55
 26.435  -8.483 5.48e-17 4.48e-17 2.77e-17 48.78  741.42
 26.455  -8.522 5.77e-17 4.52e-17 3.00e-17 49.57  741.70
 26.466  -8.549 5.89e-17 4.42e-17 2.58e-17 37.14  741.67
 26.495  -8.657 6.81e-17 4.44e-17 3.21e-17 49.85  741.63
 26.525  -8.528 4.82e-17 3.77e-17 2.31e-17 56.82  741.63
 26.568  -8.831 5.16e-17 3.88e-17 2.39e-17 38.71  741.72
 26.584  -8.299 5.88e-17 4.07e-17 2.79e-17 34.53  741.67
 26.622  -8.637 5.40e-17 4.03e-17 2.81e-17 46.54  741.72
 26.632  -8.455 5.61e-17 4.61e-17 2.93e-17 32.19  741.44
 26.649  -9.189 6.13e-17 4.30e-17 2.92e-17 41.83  741.61
 26.875  -8.351 5.27e-17 4.14e-17 2.53e-17 42.60  741.79
