  0.081  20.088 5.96e-13 4.73e-13 3.07e-13   0.002    0.55
  0.156  21.824 5.39e-13 3.45e-13 1.84e-13   0.001    4.91
  0.091  20.470 4.26e-17 4.32e-17 3.48e-17   0.002    0.51
  0.108  21.175 6.29e-13 4.45e-13 2.68e-13  -0.001    5.81
  0.162  20.547 4.37e-17 4.48e-17 3.49e-17   0.000    2.64
  0.206  22.118 2.77e-14 1.40e-14 6.35e-15   0.002    0.70
  0.219  19.540 1.94e-17 2.24e-17 2.03e-17   0.002   -4.88
  0.095  39.455 4.57e-16 3.70e-16 2.49e-16   0.002    0.61
  0.221  20.800 3.33e-17 3.55e-17 2.90e-17   0.002    0.31
  0.073  20.708 1.20e-15 7.81e-16 4.31e-16   0.004   -0.59
  0.168  20.149 6.84e-16 4.91e-16 2.77e-16   0.003   -3.28
  0.229  19.630 8.48e-17 7.74e-17 5.64e-17   0.002    0.42
  0.259  21.085 1.04e-14 5.51e-15 2.64e-15   0.001    0.64
  0.151  19.466 1.49e-15 9.35e-16 5.09e-16   0.001    0.24
  0.146  19.681 1.49e-15 9.19e-16 5.46e-16   0.001   -1.87
  0.135  20.402 2.94e-15 1.80e-15 9.74e-16   0.004   -5.72
  0.214  22.067 2.46e-15 1.54e-15 8.30e-16   0.002    0.74
  0.284  21.328 2.02e-17 2.34e-17 2.00e-17   0.003    0.64
  0.113  22.324 2.24e-16 1.92e-16 1.24e-16   0.002    0.66
  0.287  21.430 2.27e-14 1.19e-14 5.30e-15   0.002   10.69
  0.250  19.356 1.91e-13 2.98e-13 3.34e-13   0.001    0.30
  0.353  20.472 3.11e-13 1.61e-13 7.64e-14  -0.001   -4.52
  0.383  16.771 6.60e-16 4.51e-16 2.57e-16   0.001    0.42
  0.365  20.404 8.27e-15 4.53e-15 2.27e-15   0.004   -2.37
  0.415  20.455 4.18e-17 4.29e-17 3.38e-17   0.002   -4.22
  0.282  20.676 3.86e-15 2.37e-15 1.17e-15   0.002   -3.74
  0.439  19.484 6.62e-16 4.68e-16 2.87e-16   0.003   -3.29
  0.515  20.447 2.81e-17 3.01e-17 2.48e-17   0.001    0.21
  0.475  21.213 1.63e-16 1.32e-16 8.88e-17   0.001    0.15
  0.444  19.489 5.08e-17 4.78e-17 3.73e-17   0.002   -0.00
  0.518  20.764 1.65e-16 1.40e-16 9.44e-17   0.000   -3.02
  0.538  20.250 2.86e-14 1.50e-14 6.90e-15   0.003   -3.59
  0.541  20.868 7.02e-15 4.01e-15 2.01e-15   0.001   -3.63
  0.680  21.480 1.42e-17 6.69e-18 3.01e-18   0.003    0.43
  0.669  20.531 1.54e-14 8.18e-15 3.96e-15   0.003   -1.64
  0.789  21.079 1.40e-15 8.97e-16 5.15e-16   0.002   -1.25
  0.753  20.411 1.87e-17 2.17e-17 1.80e-17   0.001   -3.14
  0.688  20.138 1.00e-17 1.23e-17 1.17e-17   0.003   -3.05
  0.744  20.148 3.90e-17 3.99e-17 3.24e-17   0.002   -2.32
  0.774  20.162 8.14e-16 5.41e-16 3.14e-16   0.001    0.03
  0.785  20.891 2.06e-15 1.24e-15 6.94e-16   0.001   -1.09
  0.852  20.936 4.30e-16 3.38e-16 2.04e-16   0.002   -2.95
  0.905  18.387 1.39e-14 7.55e-15 3.46e-15   0.003    0.17
  0.954  21.406 2.75e-16 2.17e-16 1.42e-16   0.001   -0.32
  0.942  19.993 1.49e-14 7.84e-15 3.74e-15   0.002   -1.07
  0.977  23.572 7.63e-13 4.39e-13 2.48e-13   0.000    0.55
  0.918  21.422 8.87e-15 4.89e-15 2.44e-15   0.002   -0.13
  1.070  19.965 1.61e-17 7.73e-18 3.27e-18   0.002   -0.24
  0.967  20.178 3.03e-15 1.75e-15 9.47e-16   0.001   -2.37
  1.081  20.877 4.03e-17 3.84e-17 3.15e-17   0.001   -0.74
  1.212  21.215 2.64e-17 2.76e-17 2.37e-17   0.003   -1.04
  1.222  20.305 8.28e-15 4.87e-15 2.39e-15   0.004   -1.98
  1.145  19.648 1.86e-15 1.17e-15 6.32e-16   0.002   -1.04
  1.179  19.519 6.08e-17 5.73e-17 4.34e-17   0.001   -0.19
  1.397  20.915 1.03e-16 9.12e-17 6.78e-17   0.000   -1.51
  1.311  18.947 1.88e-16 1.52e-16 1.07e-16   0.001   -0.08
  1.513  21.524 4.19e-13 4.71e-13 4.26e-13   0.002   -0.18
  1.366  19.549 8.84e-16 5.99e-16 3.56e-16   0.003   -0.74
  1.478  20.070 1.35e-15 8.73e-16 4.85e-16   0.002   -1.84
  1.550  18.795 4.69e-16 3.32e-16 2.05e-16   0.003   -0.46
  1.432  34.330 1.86e-14 1.03e-14 5.05e-15   0.004    0.42
  1.437  21.480 4.04e-14 2.00e-14 9.27e-15   0.002    0.13
  1.506  15.649 8.21e-15 4.79e-15 2.21e-15   0.004    0.35
  1.623  20.087 5.07e-17 4.85e-17 3.99e-17   0.001   -1.74
  1.900  21.112 5.95e-13 5.01e-13 3.67e-13   0.001   -1.23
  2.040  20.249 3.57e-13 1.99e-13 9.13e-14   0.002   -1.51
  2.001  25.719 2.46e-14 1.29e-14 6.28e-15   0.001    0.13
  2.170  19.277 3.06e-15 1.82e-15 9.75e-16   0.002   -1.41
  2.226  14.373 1.26e-15 7.81e-16 4.04e-16   0.002    0.34
  2.324  10.531 7.82e-16 6.01e-16 3.82e-16   0.003    0.67
  2.409  20.023 2.78e-14 1.40e-14 6.17e-15   0.002   -1.23
  2.510  19.546 9.15e-17 8.25e-17 5.88e-17   0.001   -0.77
  2.531  20.903 1.56e-17 1.85e-17 1.65e-17   0.003   -0.71
  2.565  26.794 3.20e-12 2.57e-12 1.66e-12   0.005    1.55
  2.722  21.095 2.57e-14 1.50e-14 7.39e-15   0.003    1.60
  2.901  20.276 2.01e-14 1.04e-14 4.91e-15   0.002   -0.95
  3.020  21.242 1.92e-17 2.11e-17 1.93e-17   0.001   -0.54
  2.988  21.779 1.23e-14 6.75e-15 3.11e-15   0.004   -0.10
  3.097  20.996 8.94e-16 6.09e-16 3.52e-16   0.002   -0.63
  3.011  19.278 3.17e-17 1.39e-17 6.15e-18   0.003   -0.54
  3.034  21.528 1.06e-15 7.34e-16 4.18e-16   0.000   -0.12
  3.083  18.353 3.32e-14 1.71e-14 7.70e-15   0.003   -0.09
  3.241  19.939 2.98e-15 1.78e-15 9.84e-16   0.001   -0.94
  3.225  21.341 4.22e-14 2.17e-14 9.25e-15   0.002   -0.61
  3.384  15.085 6.56e-16 5.54e-16 3.53e-16   0.003    0.98
  3.366  20.862 3.23e-16 2.55e-16 1.68e-16   0.004   -0.34
  3.352  18.391 2.82e-17 3.83e-17 3.67e-17   0.006    1.38
  3.656  21.751 3.77e-15 2.59e-15 1.58e-15   0.005    1.72
  3.521  18.861 2.53e-17 2.75e-17 2.34e-17   0.002   -0.54
  3.641  21.522 9.09e-15 5.14e-15 2.49e-15   0.002   -0.37
  3.550  20.342 5.06e-15 2.95e-15 1.58e-15   0.001   -0.77
  3.668  27.550 3.46e-17 1.59e-17 6.90e-18   0.005    1.46
  3.733  19.812 6.53e-17 6.16e-17 4.78e-17   0.003   -0.74
  3.741  19.421 2.52e-16 1.93e-16 1.26e-16   0.003   -0.60
  3.886  19.580 7.64e-16 5.48e-16 3.23e-16   0.000   -0.77
  3.926  20.183 1.82e-16 1.48e-16 1.03e-16   0.003   -0.83
  4.086  20.805 5.10e-13 2.82e-13 1.45e-13   0.003   -0.73
  4.030  23.291 1.27e-16 1.12e-16 8.29e-17   0.001    0.33
  4.039  16.696 2.47e-15 1.76e-15 1.04e-15   0.004    1.11
  4.239  18.643 2.74e-16 2.20e-16 1.39e-16   0.002   -0.42
  4.260  18.801 5.03e-15 2.81e-15 1.41e-15   0.001   -0.44
  4.421  20.079 3.03e-17 3.18e-17 2.55e-17   0.002   -0.71
  4.553  20.278 3.21e-16 2.47e-16 1.57e-16   0.002   -0.70
  4.454  23.035 1.76e-14 1.04e-14 5.55e-15   0.004    1.77
  4.583  18.826 2.05e-15 1.28e-15 6.82e-16   0.003   -0.32
  4.620  18.896 1.46e-14 7.77e-15 3.71e-15   0.002   -0.43
  4.615  18.594 4.38e-15 2.63e-15 1.29e-15   0.000   -0.43
  4.663  20.701 1.74e-17 1.87e-17 1.65e-17   0.003   -0.68
  5.010  20.267 1.37e-17 1.71e-17 1.51e-17   0.002   -0.66
  4.952  22.520 3.96e-15 2.79e-15 1.59e-15   0.005    1.84
  5.230  40.619 2.91e-15 2.14e-15 1.37e-15   0.005    1.09
  5.431  19.856 1.71e-15 1.09e-15 5.86e-16   0.002   -0.67
  5.446  19.445 3.64e-17 1.80e-17 7.99e-18   0.004    1.62
  5.498  23.451 1.31e-16 1.11e-16 7.31e-17   0.001    1.10
  5.583  22.984 2.70e-14 1.60e-14 7.73e-15   0.003    1.93
  5.571  18.733 5.40e-13 4.39e-13 2.96e-13  -0.001   -0.28
  5.706  21.690 2.54e-14 1.47e-14 7.31e-15   0.005    1.90
  5.624  23.587 7.98e-16 6.82e-16 4.67e-16   0.003    1.93
  5.710  21.582 1.95e-14 9.71e-15 4.64e-15   0.002   -0.29
  6.097  19.390 3.46e-13 1.92e-13 9.21e-14   0.003   -0.55
  5.919  32.022 3.54e-14 2.06e-14 1.03e-14   0.004    1.20
  6.186  16.162 1.01e-16 1.10e-16 9.45e-17   0.005    1.25
  6.236  23.759 1.70e-16 1.81e-16 1.45e-16   0.003    1.94
  6.240  19.961 4.30e-14 2.37e-14 1.13e-14   0.006    1.68
  6.257  25.440 3.06e-16 3.07e-16 2.26e-16   0.004    1.78
  6.362  16.991 1.29e-16 1.09e-16 7.28e-17   0.002    0.69
  6.265  26.388 9.89e-15 6.19e-15 3.47e-15   0.005    1.67
  6.427  22.737 7.10e-15 4.43e-15 2.48e-15   0.004    1.89
  6.641  15.674 1.14e-14 6.24e-15 2.95e-15   0.003    0.63
  6.838  18.726 5.50e-15 3.20e-15 1.50e-15   0.002   -0.32
  6.958  27.751 3.21e-12 2.15e-12 1.17e-12   0.005    1.54
  6.841  23.071 5.79e-16 5.14e-16 3.43e-16   0.004    2.06
  7.050  18.107 4.20e-17 4.25e-17 3.31e-17   0.001   -0.18
  7.367  21.233 8.80e-15 4.86e-15 2.32e-15   0.002   -0.28
  7.349  17.030 7.17e-17 6.63e-17 4.78e-17   0.000   -0.15
  7.447  25.519 1.15e-15 9.21e-16 5.92e-16   0.005    1.85
  7.862  25.453 1.22e-13 6.34e-14 2.98e-14   0.004    2.11
  8.139  23.839 6.56e-17 6.26e-17 4.86e-17   0.001    1.56
  8.007  26.338 7.18e-17 8.58e-17 7.75e-17   0.005    1.75
  8.394  20.181 1.01e-16 1.10e-16 9.26e-17   0.003    1.85
  8.285  33.173 1.41e-17 1.63e-17 1.53e-17   0.002    1.54
  8.338  14.378 3.49e-14 1.63e-14 7.63e-15   0.002    0.48
  8.315  27.586 6.52e-17 7.79e-17 7.31e-17   0.003    1.77
  8.358  17.643 9.63e-16 6.45e-16 3.52e-16   0.003    1.05
  8.406  18.812 1.52e-16 1.28e-16 8.57e-17   0.001    1.50
  8.595  15.241 2.14e-16 1.71e-16 1.09e-16   0.002    0.64
  8.590  25.040 1.11e-14 6.91e-15 3.72e-15   0.005    2.07
  8.828  25.200 2.07e-13 1.09e-13 4.88e-14   0.005    1.89
  8.920  18.446 8.65e-15 4.81e-15 2.36e-15   0.002   -0.19
  8.918  11.118 3.53e-15 2.08e-15 1.10e-15   0.001    0.26
  9.093  18.831 2.91e-15 1.67e-15 9.19e-16   0.001    1.57
  9.028  12.960 1.04e-15 6.82e-16 3.71e-16   0.001    0.38
  9.104  17.262 2.95e-13 1.62e-13 7.58e-14   0.001    1.17
  9.366  20.443 1.46e-17 1.73e-17 1.57e-17   0.002    1.85
  9.307  15.049 2.39e-15 1.36e-15 7.03e-16   0.001    0.63
  9.295  24.980 4.69e-15 3.19e-15 1.83e-15   0.005    2.14
  9.319  17.554 3.34e-13 1.76e-13 7.76e-14   0.002    2.40
  9.483  17.726 2.77e-17 2.77e-17 2.28e-17   0.001    1.46
  9.484  12.479 2.81e-15 1.73e-15 9.41e-16   0.001    0.02
  9.564  13.243 3.00e-14 1.44e-14 7.01e-15   0.001    0.24
  9.518  18.616 5.26e-15 2.93e-15 1.49e-15   0.002    2.01
  9.591  22.960 5.98e-16 4.38e-16 2.56e-16   0.001    1.67
  9.617  13.870 1.61e-17 1.79e-17 1.50e-17   0.001    0.37
  9.693  12.420 3.69e-17 3.79e-17 2.90e-17  -0.000   -0.04
  9.643  18.094 1.94e-15 1.20e-15 6.45e-16   0.002    1.98
  9.758  24.019 2.80e-15 1.74e-14 6.35e-14   0.002    1.66
  9.772  14.086 1.82e-15 1.25e-15 7.99e-16   0.004    0.85
  9.739  17.736 2.60e-16 2.03e-16 1.33e-16   0.003    2.31
  9.792  19.733 7.90e-15 4.23e-15 2.07e-15   0.001    1.75
  9.906  16.300 5.76e-13 4.85e-13 3.32e-13   0.001    1.68
  9.962  18.541 1.50e-14 7.53e-15 3.65e-15   0.003    2.18
 10.103  15.980 3.41e-16 2.40e-16 1.61e-16   0.000    1.29
  9.935  16.587 1.72e-17 9.26e-18 3.80e-18   0.002    1.82
  9.923  19.731 1.86e-16 1.55e-16 1.07e-16   0.003    1.97
 10.037  14.704 4.27e-17 4.11e-17 3.15e-17   0.003    0.37
 10.080  15.582 2.00e-16 1.62e-16 1.13e-16   0.001    2.18
 10.101  16.751 3.24e-16 2.57e-16 1.54e-16   0.002    1.73
  9.988  24.061 4.33e-17 4.34e-17 3.78e-17   0.001    0.38
 10.216  16.642 3.52e-16 2.64e-16 1.65e-16  -0.000    2.82
 10.250  14.726 1.88e-17 2.06e-17 1.82e-17   0.002    0.33
 10.257  13.877 1.02e-17 1.23e-17 1.20e-17   0.000    0.03
 10.314  19.681 5.65e-15 3.26e-15 1.61e-15   0.000    1.94
 10.281  15.857 2.09e-17 2.41e-17 2.06e-17   0.002    1.04
 10.287  15.495 6.81e-15 3.88e-15 1.93e-15   0.002   -4.78
 10.327  18.534 5.47e-16 4.00e-16 2.31e-16   0.001    2.21
 10.348  15.920 3.41e-17 3.49e-17 2.88e-17   0.001    3.39
 10.376  22.386 3.55e-17 4.60e-17 4.54e-17   0.003    2.45
 10.323  16.148 1.48e-16 1.26e-16 8.46e-17   0.002    2.64
 10.372  17.522 2.29e-16 1.81e-16 1.22e-16   0.004    2.47
 10.342  16.179 1.43e-14 7.59e-15 3.67e-15   0.003    2.65
 10.475  17.764 2.36e-16 2.23e-16 1.73e-16   0.002    1.34
 10.551  16.469 1.14e-16 9.72e-17 6.95e-17   0.003    2.09
 10.606  14.849 2.35e-17 1.05e-17 4.58e-18   0.002   -1.15
 10.520  19.952 2.51e-17 2.71e-17 2.35e-17   0.002    1.81
 10.484  16.949 1.57e-15 1.03e-15 6.14e-16   0.003    2.93
 10.523  15.058 1.09e-17 1.27e-17 1.26e-17   0.003   -3.25
 10.437  15.474 1.20e-16 1.02e-16 7.05e-17   0.003   -0.67
 10.261  15.670 7.37e-16 5.19e-16 3.15e-16   0.002    0.71
 10.613  12.475 5.50e-17 5.54e-17 3.90e-17   0.002   -0.33
 10.485  15.257 1.56e-17 1.81e-17 1.64e-17   0.003   -4.14
 10.490  24.265 3.09e-14 1.68e-14 8.57e-15   0.005    2.27
 10.575  16.063 4.38e-17 4.25e-17 3.41e-17   0.001    3.36
 10.543  15.804 9.75e-15 5.63e-15 2.63e-15   0.001    2.07
 10.513  13.942 5.59e-16 4.16e-16 2.51e-16   0.003   -0.73
 10.535  11.651 3.12e-15 2.03e-15 1.13e-15   0.003    0.71
 10.682  15.496 1.10e-17 1.36e-17 1.28e-17   0.002   -0.20
 10.598  16.095 2.52e-15 1.56e-15 8.44e-16   0.002    2.19
 10.590  15.484 1.18e-15 7.79e-16 4.46e-16   0.002    0.54
 10.577  15.119 3.43e-16 2.48e-16 1.63e-16   0.002   -2.20
 10.579  15.259 1.58e-14 8.05e-15 3.71e-15   0.003   -0.55
 10.671  13.160 9.41e-16 6.28e-16 3.61e-16   0.002   -0.78
 10.601  15.586 1.11e-17 1.35e-17 1.31e-17   0.001    2.93
 10.693  15.284 2.85e-14 1.48e-14 6.75e-15   0.002   -5.23
 10.728  15.817 1.08e-16 1.10e-16 9.06e-17   0.003    1.02
 10.697  16.135 1.70e-15 1.13e-15 6.12e-16   0.003    3.87
 10.802  14.915 1.35e-15 8.53e-16 4.76e-16   0.002   -0.70
 10.746  17.407 4.41e-15 2.68e-15 1.37e-15   0.002    2.47
 10.654  17.461 1.19e-17 5.82e-18 2.73e-18   0.001    2.25
 10.678  13.645 4.30e-13 2.54e-13 1.23e-13   0.002   -0.61
 10.769  15.933 9.54e-15 5.10e-15 2.38e-15   0.002    2.13
 10.724  20.823 2.01e-17 2.36e-17 2.17e-17   0.003    1.41
 10.767  17.020 5.51e-16 3.92e-16 2.43e-16   0.005    2.27
 10.819  15.539 2.46e-14 1.23e-14 5.65e-15   0.002    6.33
 10.947  14.354 2.59e-15 1.58e-15 8.13e-16   0.003   -1.76
 10.677  15.723 5.13e-13 3.09e-13 1.60e-13   0.001    1.47
 10.931  13.879 3.05e-17 3.17e-17 2.72e-17   0.003   -0.98
 10.832  13.821 6.22e-14 1.51e-13 2.50e-13   0.001   -1.41
 10.761  13.015 5.58e-13 4.62e-13 3.14e-13   0.001   -0.60
 10.871  28.769 2.07e-14 1.24e-14 6.25e-15   0.005    1.42
 10.886  35.771 3.45e-12 1.99e-12 9.97e-13   0.004    1.03
 10.744  15.902 1.95e-15 1.27e-15 6.85e-16   0.000    1.60
 10.973  11.418 1.74e-14 9.22e-15 4.28e-15   0.002   -0.41
 10.933  15.769 6.55e-17 6.34e-17 4.68e-17   0.002    2.92
 10.980  15.481 1.48e-17 1.77e-17 1.59e-17   0.000   -5.35
 11.007  19.219 1.10e-15 7.57e-16 4.23e-16   0.002    1.66
 10.936  15.133 1.54e-15 9.77e-16 5.51e-16   0.002   -2.52
 10.909  15.621 1.94e-16 1.56e-16 1.02e-16   0.002   -1.45
 10.830  16.002 4.92e-17 5.01e-17 3.85e-17   0.004    1.45
 10.831  15.108 1.69e-14 8.71e-15 4.21e-15   0.002   -0.99
 10.992  25.814 6.18e-17 7.68e-17 6.85e-17   0.005    1.96
 10.972  13.925 2.21e-13 3.29e-13 3.73e-13   0.001   -1.42
 10.961  15.608 1.14e-17 6.32e-18 2.92e-18   0.003    8.39
 11.028  15.548 5.34e-16 3.80e-16 2.38e-16   0.002   -2.85
 11.063  14.644 6.92e-15 3.85e-15 1.97e-15   0.002   -1.86
 11.013  16.179 1.39e-14 7.78e-15 3.50e-15   0.002    1.92
 11.044  15.688 6.83e-17 6.61e-17 4.74e-17   0.002   95.88
 11.074  10.949 1.63e-14 8.34e-15 4.21e-15   0.001   -0.54
 11.084  24.476 6.13e-15 4.06e-15 2.31e-15   0.004    2.65
 11.151  21.386 2.01e-16 1.74e-16 1.20e-16   0.002    1.39
 11.248  28.181 1.46e-15 1.23e-15 8.19e-16   0.006    1.24
 11.086  17.486 1.81e-17 1.98e-17 1.83e-17   0.004    2.06
 11.263  15.971 1.57e-15 1.19e-15 7.33e-16   0.004    0.93
 11.148  15.416 2.41e-17 2.72e-17 2.20e-17   0.003   -3.43
 11.104  14.740 1.24e-17 1.51e-17 1.42e-17   0.001   -0.54
 11.120  16.468 1.82e-15 1.15e-15 6.32e-16   0.004    2.39
 11.217  31.717 6.34e-15 3.82e-15 1.96e-15   0.003    0.55
 11.290  21.056 1.40e-15 9.69e-16 5.34e-16   0.002    1.36
 11.270   9.464 1.79e-14 9.02e-15 4.30e-15   0.005   -0.37
 11.421  15.434 2.09e-17 2.33e-17 1.96e-17   0.002    0.51
 11.231  17.439 2.63e-17 1.24e-17 5.25e-18   0.002    1.73
 11.370  12.257 1.42e-15 9.32e-16 5.10e-16   0.002   -0.63
 11.344  16.378 2.36e-17 2.70e-17 2.28e-17   0.004    1.13
 11.376  14.081 1.50e-17 1.78e-17 1.61e-17   0.001   -0.41
 11.536  12.396 3.04e-15 1.84e-15 9.67e-16   0.000   -0.74
 11.384  14.284 2.88e-17 3.31e-17 2.73e-17   0.003    0.19
 11.434  20.906 1.23e-14 7.12e-15 3.31e-15   0.003    1.38
 11.439  22.617 5.16e-16 4.64e-16 3.19e-16   0.003    2.57
 11.456  13.462 7.60e-14 1.64e-13 2.63e-13   0.003   -0.98
 11.536  13.884 2.31e-14 1.20e-14 5.36e-15   0.001   -1.25
 11.505  17.934 1.66e-15 1.05e-15 5.91e-16   0.000   -0.05
 11.555  15.989 1.26e-16 1.05e-16 8.02e-17   0.001    2.30
 11.772  14.126 2.64e-14 1.40e-14 6.10e-15   0.002   -0.21
 11.700  16.957 7.43e-17 7.21e-17 5.18e-17   0.001    1.33
 11.631  12.458 1.44e-16 1.26e-16 8.62e-17   0.001   -0.70
 11.637  26.105 3.30e-16 3.01e-16 2.28e-16   0.004    2.25
 11.890  17.761 5.32e-15 3.08e-15 1.64e-15   0.003    1.14
 11.900  11.876 1.76e-17 1.97e-17 1.75e-17   0.001   -0.48
 11.857  11.907 2.10e-14 1.12e-14 4.99e-15   0.003   -0.52
 11.967  21.863 4.14e-17 2.34e-17 1.10e-17   0.005    2.40
 11.974  25.075 2.33e-12 1.46e-12 7.92e-13   0.004    2.39
 12.103  16.517 2.13e-14 1.09e-14 5.12e-15   0.001    0.83
 12.195  13.138 1.57e-14 8.47e-15 3.90e-15   0.002   -0.93
 12.301  23.189 2.56e-17 3.44e-17 3.37e-17   0.002    1.99
 12.246   7.983 2.53e-17 2.81e-17 2.33e-17   0.002   -0.42
 12.337  11.535 3.73e-15 2.20e-15 1.15e-15  -0.001   -0.59
 12.289  31.230 1.86e-16 1.96e-16 1.64e-16   0.005    1.02
 12.452  19.272 2.98e-15 1.80e-15 9.54e-16   0.003    1.23
 12.323  23.117 7.36e-15 4.84e-15 2.57e-15   0.004    2.61
 12.374   9.810 1.52e-15 9.53e-16 5.53e-16   0.002   -0.39
 12.631  11.651 1.01e-14 5.55e-15 2.69e-15   0.003   -0.12
 12.535  25.055 6.59e-16 5.60e-16 4.03e-16   0.005    1.66
 12.757  24.304 1.45e-16 1.59e-16 1.27e-16   0.004    2.38
 12.542  10.270 1.08e-14 6.00e-15 2.82e-15   0.002   -0.52
 12.644  15.539 3.23e-16 2.45e-16 1.58e-16   0.002   -0.44
 12.618  25.624 7.31e-14 3.65e-14 1.76e-14   0.005    1.35
 12.692  17.823 9.87e-14 4.86e-14 2.24e-14   0.003    0.93
 12.678  24.109 1.14e-14 6.67e-15 3.72e-15   0.004    3.50
 12.690  23.168 2.39e-12 2.21e-12 1.75e-12   0.004    3.22
 12.666  16.345 1.99e-15 1.27e-15 6.79e-16   0.002    0.09
 12.876  24.501 4.29e-15 2.83e-15 1.72e-15   0.004    3.80
 12.797  22.638 4.32e-15 3.12e-15 1.70e-15   0.004    3.36
 12.867  11.874 3.81e-14 1.87e-14 8.37e-15   0.002   -0.40
 12.836  27.767 1.89e-14 1.16e-14 5.78e-15   0.003    1.12
 12.890   8.738 3.35e-16 2.69e-16 1.71e-16   0.002   -0.40
 12.969  26.269 3.77e-17 4.87e-17 4.78e-17   0.006    1.89
 13.068   2.831 1.65e-14 8.58e-15 4.06e-15   0.001   -0.23
 12.969  20.101 7.67e-17 7.14e-17 5.23e-17   0.003   -0.07
 13.100  27.949 2.16e-16 2.18e-16 1.68e-16   0.005    0.90
 13.176  22.797 2.05e-16 2.09e-16 1.56e-16   0.006    2.87
 13.210  11.697 1.12e-17 1.46e-17 1.37e-17   0.002   -0.14
 13.393  18.450 2.83e-17 3.68e-17 3.60e-17   0.004    0.96
 13.350  23.677 3.64e-15 2.43e-15 1.50e-15   0.004    4.09
 13.455  24.486 1.64e-17 8.92e-18 4.48e-18   0.006    1.74
 13.408  23.976 4.06e-16 3.52e-16 2.68e-16   0.003    4.09
 13.431  24.217 1.51e-16 1.69e-16 1.39e-16   0.004    3.12
 13.623  22.558 3.33e-16 3.03e-16 2.28e-16   0.005    1.42
 13.426  27.366 3.10e-16 3.09e-16 2.15e-16   0.005    0.92
 13.554  11.213 4.44e-13 2.51e-13 1.15e-13   0.000   -0.02
 13.513  21.500 4.18e-13 2.16e-13 9.85e-14   0.002    1.16
 13.667  10.703 1.30e-17 6.83e-18 3.19e-18   0.001   -0.18
 13.741  22.542 7.06e-14 3.75e-14 1.73e-14   0.005    1.87
 13.607  25.961 3.51e-17 4.54e-17 4.53e-17   0.004    0.99
 13.678  13.812 8.19e-17 7.94e-17 5.85e-17   0.003    0.23
 13.866  22.429 1.98e-14 1.21e-14 5.95e-15   0.003    1.48
 13.819  11.326 1.61e-15 1.02e-15 5.95e-16   0.002   -0.03
 13.765   9.043 1.08e-16 9.67e-17 6.85e-17   0.002   -0.15
 13.761  23.466 2.65e-16 2.50e-16 1.91e-16   0.004    2.70
 13.917  24.730 5.85e-17 2.85e-17 1.21e-17   0.003    3.82
 13.868  23.026 1.65e-14 9.77e-15 5.42e-15   0.005    4.50
 13.875  24.853 9.44e-14 4.83e-14 2.23e-14   0.002    8.10
 13.854  29.072 7.99e-16 6.94e-16 4.64e-16   0.003    0.60
 13.998  25.180 1.03e-13 5.28e-14 2.49e-14   0.004    5.38
 14.076  21.365 7.27e-15 4.75e-15 2.53e-15   0.005    1.12
 14.027  13.507 4.62e-15 3.10e-15 1.69e-15   0.002    0.78
 14.202  36.825 7.26e-17 7.03e-17 5.59e-17   0.002    1.56
 14.110  27.122 4.93e-14 2.78e-14 1.36e-14   0.003    0.59
 14.129  25.603 1.90e-14 1.13e-14 5.73e-15   0.004    0.35
 14.145  21.382 1.72e-17 8.41e-18 3.60e-18   0.003    1.07
 14.247  25.140 2.90e-14 1.68e-14 8.31e-15   0.003    0.32
 14.290  24.364 1.55e-15 1.19e-15 7.34e-16   0.002   -7.98
 14.335  21.429 2.83e-12 2.00e-12 1.11e-12   0.004    3.98
 14.313  23.126 6.05e-15 4.08e-15 2.26e-15   0.004    7.04
 14.236  24.577 1.13e-16 1.22e-16 1.05e-16   0.003    0.34
 14.384  23.187 1.04e-14 6.46e-15 3.39e-15   0.004    7.89
 14.463  24.364 1.25e-15 1.01e-15 6.27e-16   0.004   -6.79
 14.233  24.365 7.41e-14 4.04e-14 1.96e-14   0.004    0.71
 14.371  23.899 4.82e-16 4.41e-16 3.09e-16   0.005  -84.97
 14.280  23.564 2.82e-16 2.63e-16 2.14e-16   0.003    1.58
 14.335  21.128 2.31e-15 1.60e-15 9.69e-16   0.004    1.01
 14.282  19.488 7.86e-16 6.93e-16 4.43e-16   0.003    0.90
 14.366  24.935 5.68e-16 5.29e-16 3.71e-16   0.004    0.74
 14.505  22.143 1.71e-14 1.01e-14 5.06e-15   0.004    0.99
 14.461  24.006 2.41e-14 1.41e-14 7.21e-15   0.004   -1.05
 14.474  24.513 1.13e-15 8.88e-16 5.87e-16   0.002    0.03
 14.297  25.258 4.66e-17 5.97e-17 5.52e-17   0.003    0.20
 14.513  24.395 2.09e-12 1.18e-12 5.94e-13   0.004   -6.35
 14.713  22.270 8.14e-17 9.30e-17 7.94e-17   0.004    0.80
 14.761  21.514 1.57e-14 9.87e-15 4.84e-15   0.005    0.93
 14.740  14.210 3.24e-16 2.47e-16 1.76e-16   0.002    0.44
 14.688  27.380 2.31e-14 1.36e-14 6.96e-15   0.004    0.55
 14.731  27.430 1.03e-16 1.15e-16 1.00e-16   0.005    0.62
 14.660  21.651 2.21e-16 2.23e-16 1.73e-16   0.002    0.87
 14.667  26.049 8.40e-16 6.87e-16 4.71e-16   0.005   -0.93
 14.850  25.353 1.04e-14 6.23e-15 3.38e-15   0.003   -2.49
 14.840  24.793 6.75e-16 5.73e-16 4.11e-16   0.003   -1.84
 15.014  24.174 8.56e-17 9.56e-17 8.15e-17   0.004    0.06
 15.075  23.064 2.62e-12 1.87e-12 1.10e-12   0.004    0.45
 14.907  23.059 1.67e-15 1.33e-15 8.01e-16   0.003   -4.37
 15.117  19.427 6.54e-13 4.59e-13 2.59e-13   0.002    0.10
 15.131  20.415 3.31e-15 1.98e-15 1.07e-15   0.003    0.11
 15.156  22.028 5.80e-17 7.28e-17 6.62e-17   0.004   -1.27
 15.155  24.369 8.57e-16 6.90e-16 4.57e-16   0.004   -2.79
 15.141  23.404 3.57e-17 4.65e-17 4.47e-17   0.004   -3.04
 15.266  26.518 1.48e-12 7.80e-13 3.65e-13   0.004   -1.74
 15.557  11.376 4.03e-17 4.22e-17 3.67e-17   0.003    0.32
 15.443  24.413 1.88e-12 2.11e-12 1.67e-12   0.005   -0.90
 15.565  24.701 1.23e-14 7.34e-15 3.96e-15   0.004   -1.92
 15.758  18.353 8.60e-17 8.89e-17 7.70e-17   0.003    0.77
 15.843  15.348 6.76e-14 3.56e-14 1.61e-14   0.004    0.75
 16.007  26.038 6.40e-17 7.66e-17 7.00e-17   0.002   -0.54
 16.092  19.246 7.90e-14 3.99e-14 1.93e-14   0.004    0.73
 16.267  28.431 5.84e-15 3.86e-15 2.30e-15   0.004    0.45
 16.323  27.979 8.90e-15 5.65e-15 3.09e-15   0.004    0.40
 16.430  33.474 1.54e-13 7.82e-14 3.64e-14   0.005    0.80
 16.339  24.181 4.76e-14 2.64e-14 1.23e-14   0.004   -1.65
 16.655  23.025 8.76e-16 7.55e-16 5.00e-16   0.004   -1.55
 16.712  25.824 1.31e-13 6.81e-14 3.20e-14   0.004   -0.72
 16.730  28.024 6.48e-16 5.73e-16 4.06e-16   0.004    0.27
 16.881  23.354 1.71e-17 8.32e-18 4.09e-18   0.004   -0.16
 16.775  20.001 1.46e-15 1.03e-15 6.60e-16   0.004    0.66
 17.219  25.214 2.71e-17 1.36e-17 5.95e-18   0.003   -1.15
 17.151  27.978 1.23e-14 7.41e-15 3.96e-15   0.002   -0.72
 17.261  24.207 5.78e-17 7.19e-17 6.40e-17   0.004   -0.16
 17.196  27.289 5.62e-17 2.65e-17 1.16e-17   0.005    0.01
 17.275  20.394 3.91e-17 4.84e-17 4.35e-17   0.005    0.56
 17.448  18.554 8.14e-17 9.05e-17 7.63e-17   0.003    0.69
 17.710  31.188 6.87e-17 8.31e-17 7.84e-17   0.004    0.35
 17.682  24.860 9.06e-15 5.76e-15 3.02e-15   0.004   -0.84
 17.816  27.478 3.38e-14 1.90e-14 9.27e-15   0.005   -0.07
 17.868  26.708 2.13e-14 1.21e-14 6.38e-15   0.004   -0.71
 17.885  26.530 1.59e-14 8.89e-15 4.90e-15   0.005   -0.72
 18.135  25.831 8.82e-17 1.05e-16 8.92e-17   0.003   -0.87
 17.914  31.639 4.17e-15 3.10e-15 1.72e-15   0.006    0.52
 18.511  22.958 5.54e-15 3.69e-15 1.94e-15   0.006   -0.68
 18.521  21.678 4.83e-17 5.92e-17 5.23e-17   0.004    0.50
 18.514  24.593 5.48e-17 2.63e-17 1.19e-17   0.002   -0.55
 18.628  20.219 4.84e-15 3.39e-15 1.78e-15   0.004    0.43
 19.023  22.431 4.24e-14 2.26e-14 1.10e-14   0.004    0.16
 19.160  18.292 5.39e-16 4.41e-16 2.99e-16   0.005    0.67
 19.323  25.488 1.30e-17 6.98e-18 3.31e-18   0.005   -0.50
 19.346  27.326 3.67e-17 4.86e-17 4.72e-17   0.005   -0.15
 19.399  31.017 2.51e-15 1.82e-15 1.19e-15   0.003    0.43
 19.549  16.354 9.10e-14 4.56e-14 2.01e-14   0.003    0.69
 19.703  25.161 1.28e-16 1.36e-16 1.12e-16   0.004   -0.31
 20.480  22.979 2.01e-14 1.18e-14 5.86e-15   0.003    0.11
 20.552  31.850 5.03e-16 4.62e-16 3.39e-16   0.006    0.38
 21.004  21.399 3.31e-16 3.09e-16 2.23e-16   0.003    0.26
 21.196  26.300 2.24e-12 1.34e-12 6.57e-13   0.004   -0.34
 21.193  16.246 9.64e-17 9.64e-17 7.68e-17   0.001    0.71
 21.507  33.988 3.44e-12 3.19e-12 2.40e-12   0.005    0.62
 21.529  26.029 1.12e-13 5.40e-14 2.69e-14   0.002   -0.21
 21.697  28.197 2.48e-16 2.27e-16 1.78e-16   0.005   -0.16
 22.202  20.879 4.02e-15 2.53e-15 1.49e-15   0.003    0.42
 22.134  36.590 4.67e-16 4.50e-16 3.15e-16   0.005    0.59
 22.183   5.760 7.58e-17 6.90e-17 5.49e-17   0.002    0.63
 22.340  21.388 7.82e-14 4.31e-14 1.99e-14   0.003    0.30
 22.480  44.664 2.94e-14 1.66e-14 8.47e-15   0.006    0.98
 22.424  16.333 2.91e-14 1.52e-14 7.48e-15   0.003    0.67
 22.382  25.224 1.29e-13 6.37e-14 2.89e-14   0.003   -0.14
 22.761  24.420 1.87e-15 1.51e-15 8.93e-16   0.005   -0.10
 23.013  33.243 4.89e-14 2.65e-14 1.30e-14   0.004    0.37
 23.023  29.459 6.84e-16 6.01e-16 4.24e-16   0.005   -0.06
 23.092  19.388 1.53e-15 1.15e-15 7.33e-16   0.004    0.25
 23.483  29.597 7.42e-15 4.92e-15 2.70e-15   0.004    0.08
 23.490  26.942 2.15e-16 2.15e-16 1.72e-16   0.004    0.09
 23.496  23.516 2.50e-17 1.16e-17 5.12e-18   0.006    0.21
 24.032  21.550 3.94e-15 2.67e-15 1.62e-15   0.002    0.45
 24.112  31.505 5.43e-15 3.65e-15 2.14e-15   0.004    0.18
 24.188  19.542 6.53e-17 6.94e-17 6.17e-17   0.002    0.64
 24.507  35.707 7.38e-17 9.07e-17 8.45e-17   0.004    0.52
 24.653  25.317 2.63e-17 3.50e-17 3.68e-17   0.006   -0.05
 24.666  26.389 5.65e-14 3.00e-14 1.43e-14   0.002    1.16
 25.055  32.183 2.00e-16 2.17e-16 1.69e-16   0.004    0.25
 25.316  29.693 2.89e-16 2.73e-16 2.05e-16   0.005    0.12
 25.556  20.126 1.93e-17 2.58e-17 2.64e-17   0.002    0.48
 25.414  14.690 5.30e-15 3.43e-15 1.88e-15   0.002    0.76
 26.006  25.887 3.89e-15 2.82e-15 1.61e-15   0.004    0.12
 26.828  22.552 1.04e-14 6.27e-15 3.24e-15   0.003    0.47
 26.861  25.033 2.41e-17 1.26e-17 5.67e-18   0.005    0.26
 26.943  30.992 3.14e-15 2.32e-15 1.34e-15   0.004    0.23
 27.255  31.778 2.18e-15 1.55e-15 9.60e-16   0.005    0.29
 28.279  20.344 9.04e-16 6.96e-16 4.82e-16   0.005    0.50
 29.807  27.147 2.50e-16 2.52e-16 1.87e-16   0.003    0.32
 29.875  26.158 6.70e-17 3.32e-17 1.42e-17   0.003    0.43
 31.617  23.876 3.41e-16 2.97e-16 2.17e-16   0.004    0.63
 33.241  23.667 2.61e-15 1.79e-15 1.07e-15   0.003    0.61
 35.663  29.640 3.72e-15 2.63e-15 1.47e-15   0.003    0.57
 35.559  26.966 2.89e-15 2.03e-15 1.26e-15   0.005    0.54
 36.451  20.335 2.73e-16 2.47e-16 1.73e-16   0.003    0.81
 39.479  29.039 3.64e-16 3.10e-16 2.22e-16   0.002    0.76
 39.511  28.764 8.51e-15 5.54e-15 2.82e-15   0.005    0.77
 40.573  38.355 8.11e-16 6.89e-16 4.96e-16   0.005    0.74
 41.542  33.572 7.35e-15 4.55e-15 2.46e-15   0.003    0.84
 41.969  33.089 6.72e-15 4.15e-15 2.30e-15   0.003    0.82
 43.850  23.704 1.12e-13 1.19e-13 9.47e-14   0.109   -0.05
 44.469  33.501 2.18e-16 2.10e-16 1.64e-16   0.004    0.90
