  0.833  41.910 6.00e-16 3.80e-16 2.03e-16  -0.001    0.20
  2.066  42.688 1.13e-16 8.66e-17 5.28e-17   0.000    0.28
  4.379  42.205 8.69e-15 4.32e-15 1.97e-15   0.003    0.20
  6.956  44.343 2.45e-17 2.35e-17 1.76e-17   0.002    0.14
  7.741  41.778 1.95e-17 1.83e-17 1.34e-17   0.001    0.01
  8.889  43.966 4.75e-15 2.43e-15 1.21e-15   0.001    0.04
 15.240  44.930 8.50e-17 6.53e-17 3.90e-17  -0.000   -0.10
 15.992   6.773 2.27e-12 1.22e-12 5.71e-13   0.028    0.81
 16.355   5.040 1.68e-16 1.27e-16 8.07e-17   0.001   -0.57
 18.213   4.265 1.28e-16 1.03e-16 6.21e-17   0.001   -0.38
 18.366   5.982 1.78e-17 1.79e-17 1.39e-17   0.002   -0.25
 19.123   4.948 1.23e-14 6.15e-15 2.77e-15   0.001   -0.24
 19.330   3.203 3.61e-12 2.28e-12 1.28e-12   0.076    0.64
 21.017   4.411 2.00e-17 2.06e-17 1.50e-17   0.001   -0.13
 21.383   4.349 2.39e-15 1.18e-14 3.55e-14   0.002   -0.18
 21.585   4.403 1.68e-16 1.14e-16 7.18e-17   0.000   -0.14
 21.964   3.918 2.04e-17 2.02e-17 1.53e-17   0.000   -0.08
 22.115   4.584 1.76e-17 1.70e-17 1.39e-17   0.001   -0.02
 22.357   4.842 3.01e-16 2.12e-16 1.22e-16  -0.001   -0.33
 22.329   4.717 1.23e-13 1.39e-13 1.25e-13   0.001   -0.49
 22.270   4.345 1.33e-15 7.84e-16 4.11e-16   0.002    0.01
 22.534   3.826 6.60e-17 5.62e-17 3.73e-17   0.000   -0.29
 22.839   4.310 5.73e-16 3.78e-16 2.07e-16   0.001    0.06
 23.064   3.697 3.86e-17 3.44e-17 2.47e-17  -0.001   -0.15
 23.343   4.309 9.60e-14 4.89e-14 2.26e-14   0.000    0.13
 23.548   4.457 4.79e-15 2.69e-15 1.23e-15   0.003    0.29
 23.496   4.311 6.53e-16 4.18e-16 2.35e-16   0.002   -0.33
 23.482   3.889 1.70e-13 8.73e-14 4.21e-14   0.003   -0.83
 23.606   3.901 2.99e-16 2.05e-16 1.17e-16   0.001   -0.23
 23.681   4.258 1.67e-13 9.95e-14 5.19e-14   0.002   -0.24
 23.898   3.932 7.35e-15 3.67e-15 1.74e-15   0.002   -0.24
 24.037   4.191 1.21e-17 1.28e-17 1.04e-17   0.000   -0.10
 24.132   4.761 7.58e-16 4.94e-16 2.63e-16   0.002    0.46
 24.118   4.115 7.56e-17 6.10e-17 4.20e-17   0.001   -0.33
 24.240   4.378 6.86e-17 5.98e-17 3.80e-17   0.002    0.40
 24.206   4.053 1.05e-17 1.19e-17 9.42e-18   0.002    0.18
 24.431   4.176 1.41e-15 8.60e-16 3.99e-16   0.002    0.33
 24.574   4.124 5.91e-17 4.98e-17 3.59e-17   0.001   -0.01
 24.578   4.094 2.06e-17 2.08e-17 1.52e-17   0.003    0.53
 24.759   3.977 4.24e-17 3.81e-17 2.83e-17   0.001   -0.88
 24.659   4.182 3.78e-16 2.49e-16 1.49e-16   0.001   -0.57
 24.652   4.868 4.30e-17 3.80e-17 2.64e-17   0.000    0.50
 24.746   4.998 3.26e-17 3.11e-17 2.20e-17   0.001   -0.15
 24.934   4.065 3.09e-17 2.86e-17 2.09e-17   0.000    0.54
 24.881   4.188 3.37e-15 1.94e-15 9.11e-16   0.002    0.20
 24.828   3.768 3.36e-15 1.87e-15 8.80e-16   0.001   -0.01
 24.827   4.509 3.70e-17 3.33e-17 2.41e-17   0.000    0.07
 24.737  34.193 1.11e-16 1.14e-16 8.94e-17   0.002    0.09
 24.908   4.783 8.97e-15 4.40e-15 1.98e-15   0.001   -0.74
 24.941   4.196 3.88e-15 2.21e-15 1.03e-15   0.000    0.49
 24.850   4.176 1.82e-16 1.38e-16 8.57e-17   0.001    0.13
 25.033   3.943 2.90e-15 1.62e-15 7.83e-16   0.000    0.06
 25.088   4.565 4.44e-15 2.42e-15 1.16e-15   0.001    0.37
 25.163   4.521 1.24e-17 1.25e-17 1.01e-17   0.000    0.93
 25.166   4.761 2.27e-16 1.61e-16 9.66e-17  -0.000    0.88
 25.139   4.516 1.67e-16 1.28e-16 7.76e-17   0.002   -0.21
 25.196   4.238 8.15e-17 6.94e-17 4.47e-17  -0.001    0.90
 25.196   4.462 4.21e-16 2.85e-16 1.58e-16   0.001   -0.51
 25.226   4.273 5.77e-17 5.05e-17 3.25e-17   0.001    0.14
 25.265   4.290 3.13e-15 1.77e-15 8.37e-16   0.001   -0.57
 25.471   3.941 3.53e-15 1.87e-15 9.44e-16   0.002    0.47
 25.474   4.288 1.48e-17 1.48e-17 1.22e-17  -0.000    1.24
 25.529   4.353 1.76e-15 1.02e-15 5.31e-16   0.001   -0.73
 25.573   4.347 3.02e-16 2.09e-16 1.28e-16   0.001    1.02
 25.646   3.980 3.50e-15 1.94e-15 9.32e-16   0.003    1.66
 25.660   4.065 2.39e-17 2.26e-17 1.69e-17   0.002   -0.58
 25.787   4.605 3.23e-16 2.26e-16 1.31e-16   0.001    0.42
 25.754   4.232 1.19e-15 7.43e-16 3.89e-16   0.001   -0.38
 25.866   4.490 6.11e-15 3.19e-15 1.49e-15   0.002    0.64
 25.957   3.822 1.49e-15 8.69e-16 4.52e-16   0.003    1.10
 25.869   4.090 3.02e-16 2.14e-16 1.20e-16   0.001    1.15
 25.865   3.910 4.48e-16 2.94e-16 1.67e-16   0.000    0.89
 25.875   4.055 1.45e-16 1.09e-16 7.06e-17  -0.000    2.07
 26.066   4.102 1.12e-14 5.78e-15 2.60e-15   0.002    0.71
 26.087   4.019 1.08e-15 6.45e-16 3.46e-16   0.000    0.97
 25.972   3.648 6.42e-17 5.49e-17 3.61e-17   0.001    2.16
 26.026   3.988 1.34e-16 1.09e-16 6.61e-17   0.002   -0.56
 26.038   4.101 2.13e-17 2.06e-17 1.51e-17   0.000    1.57
 26.024   4.394 3.47e-16 2.27e-16 1.40e-16   0.003   -0.75
 26.166   4.291 6.44e-17 5.11e-17 3.50e-17   0.002   -0.85
 26.111   4.292 1.60e-16 1.18e-16 7.43e-17   0.001    3.03
 26.308   4.143 9.03e-17 7.16e-17 4.61e-17   0.001   -0.89
 26.355   3.939 6.44e-15 3.39e-15 1.60e-15   0.001    3.71
 26.284   3.658 4.18e-16 2.82e-16 1.58e-16   0.002    4.34
 26.343   4.184 3.65e-16 2.46e-16 1.42e-16   0.001   -0.64
 26.344   4.147 2.38e-15 1.29e-15 6.29e-16   0.002    2.55
 26.321   4.037 1.06e-17 1.13e-17 9.75e-18   0.001    4.11
 26.160   4.099 1.11e-17 1.14e-17 9.74e-18   0.000    1.87
 26.356   4.113 2.40e-17 2.32e-17 1.68e-17   0.001    3.13
 26.474   3.776 1.81e-17 1.79e-17 1.39e-17   0.003   -0.85
 26.280   4.202 6.17e-15 3.20e-15 1.50e-15   0.002   -0.48
 26.503   4.111 6.12e-15 3.24e-15 1.54e-15   0.001   -0.93
 26.333   3.810 1.35e-14 6.95e-15 3.34e-15   0.000    7.09
 26.449   4.337 1.37e-14 7.09e-15 3.35e-15   0.002    1.21
 26.401   3.930 2.11e-15 1.16e-15 5.79e-16   0.001    3.24
 26.437   4.254 2.55e-15 1.38e-15 7.27e-16   0.001    4.94
 26.341   3.767 1.62e-15 9.23e-16 4.77e-16   0.002    5.41
 26.426   4.071 2.21e-16 1.67e-16 1.02e-16   0.002    0.08
 26.426   4.076 2.69e-15 1.46e-15 7.17e-16   0.001    1.02
 26.458   4.272 1.06e-17 1.10e-17 9.38e-18   0.000   -0.82
 26.489   4.134 1.86e-13 1.20e-13 6.16e-14   0.002    6.92
 26.461   4.235 1.03e-17 1.12e-17 9.54e-18   0.000    3.66
 26.537   3.961 3.56e-16 2.38e-16 1.42e-16   0.001   -1.25
 26.573   3.547 1.51e-14 7.87e-15 3.48e-15  -0.000   -1.77
 26.498   3.632 5.03e-15 2.64e-15 1.20e-15   0.000   -1.83
 26.569   3.944 1.32e-15 7.40e-16 4.17e-16   0.001   -1.66
 26.464   4.220 1.24e-14 6.09e-15 2.70e-15   0.001   -1.66
 26.531   3.905 1.88e-13 1.10e-13 5.94e-14   0.001   -5.54
 26.493   4.017 1.94e-16 1.49e-16 8.92e-17   0.001   -2.40
 26.553   4.158 1.68e-16 1.22e-16 7.67e-17   0.001   -1.08
 26.457   4.055 4.64e-15 2.43e-15 1.20e-15   0.002   -9.91
 26.580   4.295 3.93e-15 2.16e-15 9.85e-16   0.001   -1.16
 26.718   3.739 3.55e-15 1.97e-15 9.18e-16   0.001   -2.79
 26.522   4.233 6.62e-16 4.24e-16 2.19e-16   0.001   -1.09
 26.693   4.147 2.98e-16 2.11e-16 1.20e-16   0.002   -8.00
 26.578   4.533 7.41e-15 3.84e-15 1.81e-15   0.002   -1.71
 26.499   4.050 1.09e-14 5.64e-15 2.60e-15   0.000   -8.33
 26.642   3.759 7.44e-15 4.03e-15 1.84e-15   0.001   -2.89
 26.659   4.023 3.23e-15 1.79e-15 8.78e-16   0.001   -6.48
 26.610   4.045 1.76e-15 1.02e-15 5.09e-16   0.002   -1.52
 26.764   4.081 1.07e-17 1.20e-17 9.79e-18   0.001   -2.08
 26.686   3.996 6.72e-16 4.32e-16 2.40e-16   0.000   -2.42
 26.694   3.796 2.22e-17 2.10e-17 1.64e-17   0.001   -5.25
 26.811   4.158 6.82e-15 3.48e-15 1.68e-15   0.003   -3.02
 26.775  38.214 3.22e-14 2.80e-14 2.03e-14   0.032    3.32
 26.811   3.748 5.18e-15 2.75e-15 1.33e-15   0.003   -4.11
 26.741   4.298 2.04e-15 1.11e-15 5.84e-16  -0.001   -1.26
 26.903   4.190 1.70e-17 1.71e-17 1.33e-17   0.002   -4.51
 26.818   3.825 1.16e-15 6.59e-15 2.41e-14   0.000   -3.38
 26.910   4.094 1.16e-14 5.81e-15 2.69e-15   0.000   -4.21
 26.884   3.848 1.18e-17 1.28e-17 1.01e-17   0.001   -2.73
 26.968   4.766 7.08e-16 4.41e-16 2.43e-16   0.002   -3.38
 26.991   3.894 1.95e-16 1.41e-16 8.74e-17  -0.000   -1.24
 27.158   3.094 2.13e-16 1.58e-16 9.23e-17   0.002   -1.23
 27.114   3.935 1.39e-15 8.48e-16 4.18e-16   0.002   -3.66
 27.104   3.947 7.61e-17 6.39e-17 4.24e-17   0.000   -3.68
 27.179   3.207 6.80e-15 3.54e-15 1.62e-15   0.001   -3.19
 27.242   4.050 6.26e-16 4.17e-16 2.25e-16   0.002   -1.94
 27.281   4.208 5.62e-17 4.83e-17 3.39e-17   0.001   -2.90
 27.233   4.378 1.59e-17 1.54e-17 1.23e-17   0.002   -1.84
 27.413  30.987 3.02e-17 3.51e-17 3.24e-17   0.003   -0.03
 27.328   3.991 1.29e-15 8.10e-16 4.05e-16   0.002   -3.44
 27.416   4.042 5.13e-16 3.26e-16 1.76e-16   0.000   -1.54
 27.454   4.102 1.16e-17 5.31e-18 2.43e-18   0.001   -3.11
 27.577  17.557 1.27e-16 1.13e-16 8.31e-17   0.003   -0.35
 27.474   3.818 1.24e-14 6.15e-15 2.96e-15  -0.001   -1.72
 27.662   3.853 8.96e-16 5.57e-16 2.92e-16   0.002   -3.23
 27.566   3.511 9.56e-16 5.99e-16 3.09e-16   0.000   -2.08
 27.655   4.059 9.62e-16 5.93e-16 3.17e-16   0.003   -2.23
 27.719   3.977 7.22e-15 3.76e-15 1.82e-15   0.001   -2.32
 27.852   3.106 1.00e-15 6.08e-16 3.35e-16   0.002   -1.94
 27.786   4.060 8.12e-17 6.78e-17 4.47e-17   0.002   -1.64
 28.031   3.654 4.97e-16 3.10e-16 1.86e-16   0.000   -1.57
 28.128   3.778 1.32e-15 7.65e-16 3.93e-16   0.002   -1.60
 28.098   3.962 2.62e-17 2.53e-17 1.88e-17   0.001   -2.34
 28.099   3.878 2.48e-15 1.36e-15 6.99e-16   0.002   -1.85
 28.390   3.968 1.07e-16 8.49e-17 5.33e-17   0.000   -2.34
 28.536   3.850 1.42e-14 7.40e-15 3.20e-15   0.001   -2.66
 28.576   3.857 2.43e-15 1.37e-15 6.64e-16  -0.000   -2.60
 28.540  44.739 1.67e-15 1.22e-15 7.17e-16   0.003    0.23
 28.772   4.027 2.69e-16 1.93e-16 1.12e-16   0.002   -1.72
 28.769   4.207 3.19e-15 1.71e-15 8.41e-16   0.001   -2.52
 28.820   3.853 1.22e-14 6.28e-15 2.88e-15   0.001   -2.35
 28.961   3.742 1.11e-16 8.19e-17 5.26e-17   0.002   -1.74
 28.877   3.600 2.95e-17 2.75e-17 2.02e-17   0.002   -2.11
 29.036   3.532 8.44e-15 4.36e-15 2.11e-15   0.002   -2.45
 29.302  12.246 3.47e-15 1.93e-15 1.03e-15   0.002   -0.50
 29.289  38.858 8.27e-14 6.80e-14 4.34e-14   0.032    3.32
 29.429   3.865 2.36e-13 1.52e-13 8.71e-14   0.003   -2.28
 29.432   3.834 5.48e-16 3.53e-16 2.04e-16   0.002   -2.36
 29.603   3.668 1.22e-17 5.91e-18 2.53e-18   0.001   -2.16
 29.651   4.065 2.48e-16 1.71e-16 1.03e-16   0.001   -2.29
 29.779   8.494 4.72e-15 2.77e-15 1.36e-15   0.002   -0.72
 29.979   3.634 1.56e-17 1.54e-17 1.26e-17   0.000   -2.07
 30.031   7.170 7.58e-14 5.14e-14 2.98e-14   0.017   -0.13
 29.918   3.830 5.44e-17 4.63e-17 3.07e-17   0.001   -2.08
 30.435   3.850 8.26e-17 6.78e-17 4.49e-17   0.002   -2.19
 30.439   3.916 1.49e-16 1.20e-16 6.83e-17   0.002   -2.00
 30.568   3.369 4.46e-15 2.36e-15 1.22e-15   0.001   -1.93
 30.687   3.377 4.28e-15 2.33e-15 1.14e-15   0.001   -1.87
 30.702   2.921 2.86e-14 2.28e-14 1.51e-14   0.020    0.15
 30.858   3.782 4.19e-16 2.89e-16 1.69e-16   0.001   -2.04
 31.093  36.126 2.58e-13 1.80e-13 1.07e-13   0.032    3.79
 31.135   5.642 1.72e-15 8.31e-16 3.38e-16   0.023    0.44
 31.747  19.505 1.31e-15 1.53e-15 1.41e-15   0.016    0.19
 31.807   2.511 1.18e-15 7.07e-16 3.53e-16  -0.001   -1.93
 32.703  30.792 1.44e-16 9.06e-17 4.99e-17   0.019    0.38
 32.761  10.206 4.18e-14 2.98e-14 1.82e-14   0.017   -0.04
 33.857  11.183 1.14e-12 6.14e-13 2.82e-13   0.015   -0.33
 34.673  39.709 4.58e-11 6.52e-11 6.92e-11   0.026    1.28
 34.788  26.506 1.09e-13 8.77e-14 5.26e-14   0.032    3.20
 34.857  10.457 1.65e-14 1.34e-14 9.23e-15   0.018   -0.04
 35.189  10.315 8.43e-13 4.43e-13 2.00e-13   0.013   -0.46
 35.859  12.017 2.28e-15 2.51e-15 2.12e-15   0.018    0.20
 36.369   6.710 4.91e-15 6.00e-15 5.23e-15   0.037    1.79
 36.380   8.987 6.23e-12 3.62e-12 1.69e-12   0.009   -0.66
 36.593  16.987 1.03e-11 5.37e-12 2.62e-12   0.042    1.88
 36.625  20.210 4.47e-14 2.34e-14 1.04e-14   0.002    0.11
 36.652   2.953 1.27e-17 1.34e-17 1.10e-17   0.001   -1.60
 36.797  41.613 6.09e-17 6.81e-17 5.69e-17   0.002    0.20
 36.962  21.506 4.39e-12 2.17e-12 9.93e-13   0.020    0.57
 36.723  13.716 3.88e-13 2.04e-13 9.62e-14   0.008   -0.53
 37.064  26.364 1.16e-15 8.48e-16 4.68e-16   0.002   -0.00
 37.134   0.309 2.64e-15 1.72e-15 8.92e-16   0.001   -0.45
 37.117  13.608 6.41e-15 5.51e-15 3.62e-15   0.013   -0.34
 37.389  25.504 8.83e-16 6.60e-16 4.12e-16   0.002    0.10
 38.309   9.259 2.50e-16 1.47e-16 7.39e-17   0.019    0.38
 38.361  19.609 3.25e-16 2.64e-16 1.79e-16   0.001   -0.20
 38.420  20.180 8.53e-13 4.55e-13 2.42e-13   0.020    0.27
 38.548  12.677 1.10e-12 1.04e-12 7.72e-13   0.003   -0.19
 38.817  13.595 2.76e-15 1.81e-15 1.02e-15   0.004    0.03
 38.828  26.250 3.42e-15 2.12e-15 1.18e-15   0.002    0.13
 38.955  11.864 2.58e-12 1.47e-12 7.40e-13   0.033    2.11
 39.100  31.466 4.15e-15 5.13e-15 5.03e-15   0.037    2.83
 39.409  33.411 6.69e-15 4.30e-15 2.09e-15   0.004    0.23
 39.608  15.404 1.05e-14 7.97e-15 5.27e-15   0.013   -0.34
 40.021  22.883 5.35e-13 2.88e-13 1.31e-13   0.002    0.18
 40.164  21.996 1.33e-15 1.79e-15 1.75e-15   0.029    2.24
 40.096  11.465 2.75e-14 2.53e-14 1.81e-14   0.033    2.16
 40.138  19.888 5.87e-15 3.74e-15 1.82e-15   0.001    0.31
 40.444  14.794 1.30e-12 6.73e-13 3.32e-13   0.018    0.13
 40.497  34.670 5.42e-16 4.38e-16 2.87e-16   0.004    0.26
 40.613  13.155 8.54e-15 5.14e-15 2.59e-15   0.003   -0.04
 40.660  34.412 2.73e-17 1.33e-17 5.50e-18   0.002    0.26
 40.680  23.805 2.38e-13 1.69e-13 9.40e-14   0.030    2.96
 40.780   7.239 2.74e-14 2.11e-14 1.34e-14   0.017    0.02
 41.021  15.284 2.62e-16 2.07e-16 1.39e-16   0.001   -0.43
 41.197  24.338 2.60e-16 2.26e-16 1.68e-16   0.003    0.29
 41.096  31.128 1.80e-14 1.02e-14 4.90e-15   0.003    0.25
 41.358  32.495 6.21e-15 6.74e-15 6.19e-15   0.031    4.42
 41.432  34.477 6.17e-13 3.33e-13 1.56e-13   0.002    0.30
 41.353  16.465 5.68e-15 3.48e-15 1.83e-15   0.002    0.06
 41.463  17.572 1.13e-17 1.39e-17 1.25e-17   0.002    0.06
 42.099  23.489 3.79e-14 3.28e-14 2.30e-14   0.031    3.00
 42.203  24.375 2.79e-16 3.22e-16 2.75e-16   0.007   -0.34
 42.308  43.608 1.89e-14 1.73e-14 1.35e-14   0.032   -1.81
 42.630  24.540 1.12e-10 9.25e-11 5.73e-11   0.027    1.83
 42.791  20.153 7.81e-13 6.86e-13 4.51e-13   0.003    0.38
 42.823  32.992 1.53e-15 1.10e-15 6.22e-16   0.003    0.40
 42.939  37.579 1.05e-15 7.62e-16 4.74e-16   0.002    0.29
 43.070  29.218 1.34e-14 1.27e-14 9.40e-15   0.027    2.09
 43.239  32.112 2.52e-16 2.24e-16 1.54e-16   0.002    0.42
 43.321  20.172 1.74e-15 1.15e-15 6.05e-16   0.002    0.33
 43.450  30.971 7.98e-16 3.63e-16 1.62e-16   0.015   -0.06
 43.560  24.502 1.05e-12 8.07e-13 5.14e-13   0.002    0.11
 43.611  12.352 2.02e-16 1.78e-16 1.19e-16   0.001    0.19
 43.797  13.109 2.68e-16 2.23e-16 1.50e-16   0.002    0.31
 43.606  22.408 1.35e-15 1.79e-15 1.78e-15   0.026    1.82
 43.826  21.669 7.70e-15 4.39e-15 2.05e-15   0.004    0.54
 43.764  44.724 2.19e-13 1.50e-13 8.67e-14   0.031   -6.98
 43.983  26.995 2.26e-14 1.81e-14 1.21e-14   0.016    0.16
 44.097  29.304 2.82e-15 1.82e-15 1.00e-15   0.001    0.37
 43.986  20.344 1.05e-12 7.24e-13 4.17e-13   0.000    0.41
 43.895  21.412 3.23e-10 2.10e-10 1.03e-10   0.049    1.22
 44.502  12.693 1.30e-16 1.14e-16 8.31e-17   0.003    0.30
 44.480  13.731 5.95e-13 3.84e-13 2.02e-13   0.033    2.38
 44.689   0.529 7.82e-13 5.05e-13 2.73e-13   0.032    1.69
 44.759  13.409 2.08e-17 9.71e-18 4.34e-18   0.001    0.00
 44.798  21.404 7.10e-13 5.42e-13 3.61e-13   0.002    0.53
