  6.673 -26.069 9.63e-14 6.76e-14 4.09e-14   0.023   -0.68
  7.980 -25.751 1.65e-13 1.54e-13 1.11e-13   0.083    0.14
  8.466  -7.841 1.56e-15 2.03e-15 1.98e-15   0.027    0.12
  9.105 -33.043 6.58e-14 4.30e-14 2.62e-14   0.017   -1.19
 10.724 -41.194 8.35e-15 3.98e-15 1.86e-15   0.036   -0.38
 12.292 -28.940 4.39e-16 4.66e-16 4.15e-16   0.006   -1.48
 17.469 -16.734 1.17e-15 1.55e-15 1.65e-15   0.027   -0.10
 17.972 -19.435 1.65e-15 1.56e-15 1.06e-15   0.009   -1.30
 18.035 -30.417 2.92e-14 2.48e-14 1.56e-14   0.022   -0.71
 18.440 -19.152 1.19e-13 7.60e-14 4.28e-14   0.013   -0.95
 20.824 -16.662 3.60e-15 4.34e-15 3.35e-15   0.023   -0.34
 22.036 -30.004 1.95e-14 1.88e-14 1.34e-14   0.032   -0.11
 22.143 -14.986 8.28e-13 4.38e-13 1.93e-13   0.012   -1.06
 25.066 -14.792 1.46e-15 1.70e-15 1.50e-15   0.019   -0.46
 27.355  -6.156 1.92e-13 1.13e-13 5.71e-14   0.013   -0.63
 27.782  -0.506 7.05e-13 4.00e-13 1.99e-13   0.018   -0.19
 28.453  -7.915 1.67e-16 8.77e-17 3.97e-17   0.017   -0.41
 28.613  -9.920 9.67e-14 8.07e-14 5.46e-14   0.044    0.93
 28.725  -6.002 8.23e-17 4.90e-17 2.40e-17   0.009   -0.82
 28.866 -10.548 5.83e-17 5.77e-17 4.79e-17   0.002   -0.63
 28.861  -5.206 2.17e-13 1.09e-13 5.23e-14   0.008   -1.01
 29.020  -0.212 5.05e-16 2.44e-16 1.04e-16   0.016   -0.42
 29.019  -8.411 7.78e-14 5.81e-14 3.49e-14   0.026    0.28
 29.401 -11.491 7.55e-15 6.93e-15 5.33e-15   0.018   -0.21
 31.321  -0.951 4.77e-13 2.82e-13 1.34e-13   0.019   -0.01
 31.628  -9.872 1.66e-15 1.08e-15 6.49e-16   0.002   -0.62
 32.134  -2.889 8.90e-16 1.14e-15 1.18e-15   0.024    0.39
 32.487 -26.039 7.38e-15 9.08e-15 7.79e-15   0.039    0.45
 33.072  -9.736 3.49e-12 1.84e-12 7.93e-13   0.017   -0.28
 33.029 -12.447 1.90e-17 2.08e-17 1.65e-17  -0.001   -0.47
 35.692  -3.352 2.30e-15 2.47e-15 2.20e-15   0.017   -0.21
 36.065 -10.725 2.09e-15 1.29e-15 7.49e-16   0.003   -0.08
 36.097 -13.985 1.63e-17 1.78e-17 1.60e-17   0.002   -0.49
 36.134 -10.584 1.13e-14 6.43e-15 3.06e-15  -0.000   -0.13
 36.365 -10.847 4.24e-15 2.45e-15 1.24e-15   0.002   -0.72
 36.584 -10.786 2.67e-16 2.03e-16 1.36e-16   0.003   -0.11
 36.769 -10.900 3.18e-16 2.42e-16 1.66e-16   0.001   -0.03
 36.835 -12.780 4.08e-14 3.68e-14 2.66e-14   0.039    0.97
 37.021 -13.306 6.33e-15 3.30e-15 1.71e-15   0.002   -0.28
 37.010 -11.284 3.31e-17 3.59e-17 2.61e-17   0.001   -0.72
 37.011 -11.600 1.83e-13 9.68e-14 4.75e-14   0.002   -0.44
 37.434 -11.251 6.83e-14 1.45e-13 2.30e-13  -0.000   -0.31
 37.551 -10.546 8.96e-16 6.03e-16 3.68e-16   0.001   -0.09
 37.517  -9.806 6.79e-16 4.85e-16 3.05e-16  -0.000    0.01
 37.502 -13.258 2.16e-15 1.34e-15 7.22e-16   0.001   -0.20
 37.578 -12.176 2.12e-14 1.01e-14 4.58e-15   0.001   -0.56
 37.853 -13.434 8.06e-17 7.39e-17 5.33e-17   0.001   -0.35
 37.930 -14.115 2.70e-16 2.13e-16 1.32e-16   0.001   -0.45
 38.037 -10.259 4.17e-15 2.65e-15 1.36e-15   0.002   -0.51
 38.209 -10.685 6.36e-16 4.70e-16 2.82e-16   0.001   -0.16
 38.488 -10.345 2.76e-16 2.15e-16 1.47e-16   0.002    0.03
 38.741 -10.279 2.32e-17 2.66e-17 2.22e-17   0.002    0.08
 38.999 -12.585 4.05e-17 3.80e-17 2.94e-17   0.001   -0.43
 39.157 -12.620 1.26e-17 6.04e-18 2.54e-18   0.001   -0.20
 39.205 -12.834 1.85e-16 1.46e-16 9.02e-17   0.003   -0.25
 39.163 -11.168 4.75e-17 4.95e-17 3.84e-17   0.002   -0.04
 39.225 -12.201 1.90e-13 1.00e-13 4.98e-14   0.002   -0.30
 39.415  -9.353 4.25e-13 2.46e-13 1.22e-13   0.002   -0.45
 39.809 -10.793 7.00e-17 6.48e-17 4.85e-17   0.003    0.27
 40.044 -10.810 1.22e-17 1.51e-17 1.41e-17   0.003    0.26
 40.047 -23.750 1.96e-11 4.31e-11 6.33e-11   0.029    0.44
 40.203 -12.534 2.09e-14 1.03e-14 4.60e-15   0.001   -0.43
 40.191 -11.979 1.72e-14 8.53e-15 4.00e-15   0.001   -0.64
 40.375 -14.118 1.28e-14 6.58e-15 3.07e-15   0.002   -0.38
 40.753 -10.160 2.03e-14 1.13e-14 5.24e-15   0.001    0.11
 40.685 -10.220 4.34e-17 4.09e-17 3.49e-17   0.000    0.13
 40.739  -9.849 2.33e-17 2.73e-17 2.31e-17   0.002    0.05
 40.811 -13.544 2.51e-14 1.28e-14 5.53e-15   0.002    0.19
 40.945 -11.493 1.75e-15 1.09e-15 6.04e-16   0.004    0.03
 41.054 -14.446 1.24e-15 8.23e-16 4.51e-16   0.002    0.07
 41.086 -10.455 1.52e-14 7.60e-15 3.76e-15   0.000   -0.14
 41.244 -13.981 2.33e-14 1.19e-14 5.42e-15   0.003    0.15
 41.276  -9.257 3.20e-14 1.58e-14 7.38e-15   0.002   -0.13
 41.222 -10.093 2.62e-15 1.65e-15 9.04e-16   0.002    0.35
 41.166 -12.924 7.80e-17 7.03e-17 4.90e-17   0.001   -0.20
 41.446 -11.305 7.44e-16 5.13e-16 2.82e-16   0.001   -0.13
 41.428 -13.042 1.43e-17 1.61e-17 1.37e-17   0.001    0.26
 41.523 -12.684 9.99e-16 6.07e-16 3.46e-16   0.000   -0.78
 41.512 -13.337 1.86e-13 2.48e-13 2.48e-13   0.001    0.27
 41.568  -8.620 2.03e-15 1.39e-15 7.58e-16   0.002   -0.48
 41.622 -10.449 3.49e-14 1.80e-14 7.66e-15   0.002    0.31
 41.668 -13.325 1.25e-15 8.36e-16 4.44e-16   0.001   -0.22
 41.660 -13.202 1.14e-17 5.68e-18 2.40e-18  -0.000    0.29
 41.640 -10.229 2.81e-14 1.41e-14 6.66e-15   0.003    0.35
 41.804 -12.922 2.15e-15 1.32e-15 6.30e-16   0.001   -0.31
 42.060 -13.821 1.40e-17 1.58e-17 1.44e-17   0.002    0.39
 41.942 -15.197 2.12e-16 1.67e-16 1.12e-16   0.002   -0.63
 41.821 -13.005 2.80e-14 1.31e-14 6.14e-15   0.003    0.42
 42.097 -11.989 1.64e-16 1.25e-16 8.12e-17   0.001   -0.83
 42.157 -13.667 1.11e-17 1.23e-17 1.13e-17   0.002    0.40
 42.100  -9.953 4.49e-14 2.18e-14 9.90e-15   0.001    0.54
 42.304 -13.351 5.37e-16 3.75e-16 2.21e-16   0.002    0.19
 42.306 -13.348 2.64e-15 1.51e-15 7.73e-16   0.000    0.25
 42.166 -14.494 2.15e-16 1.72e-16 1.12e-16   0.000   -0.33
 42.335 -13.571 6.50e-15 3.47e-15 1.78e-15  -0.000   -0.00
 42.306 -11.198 1.16e-17 6.37e-18 2.89e-18   0.001   -0.23
 42.456 -12.881 1.42e-17 1.56e-17 1.28e-17   0.003   -0.46
 42.587  -9.067 2.89e-14 1.49e-14 6.86e-15   0.001    0.45
 42.489 -14.403 1.57e-17 1.64e-17 1.46e-17   0.001   -0.48
 42.532 -14.453 4.91e-16 3.51e-16 2.10e-16   0.001    0.35
 42.523 -13.816 3.83e-13 2.43e-13 1.29e-13   0.001    0.26
 42.751 -12.882 4.73e-17 4.35e-17 3.15e-17   0.000   -0.70
 42.674  -9.812 3.63e-16 2.59e-16 1.58e-16   0.003    0.31
 42.895 -13.597 1.83e-17 2.00e-17 1.56e-17   0.001    0.68
 42.871  -9.125 4.03e-13 2.24e-13 1.08e-13   0.004    0.88
 42.900 -13.656 2.03e-15 1.20e-15 5.94e-16   0.002   -0.03
 42.921 -13.656 7.71e-17 6.75e-17 4.59e-17   0.001    0.93
 42.928 -10.347 7.07e-17 6.49e-17 5.19e-17   0.002    0.73
 43.048 -10.148 6.23e-15 3.60e-15 1.76e-15   0.003    0.88
 43.000  -9.637 6.59e-15 3.65e-15 1.76e-15   0.002    0.70
 42.968 -13.537 9.16e-16 6.42e-16 3.36e-16   0.001    0.90
 43.086 -13.465 1.35e-17 1.57e-17 1.25e-17   0.003    0.41
 43.243 -10.602 7.86e-15 4.33e-15 2.14e-15   0.003   -0.63
 43.243  -9.971 2.53e-15 1.57e-15 8.08e-16   0.002    0.41
 43.247 -12.641 3.59e-13 2.42e-13 1.28e-13   0.001   -0.27
 43.310  -9.707 1.46e-15 9.75e-16 5.45e-16   0.002   -0.07
 43.182 -13.445 2.07e-15 1.26e-15 6.99e-16   0.002   -0.25
 43.285 -13.717 1.65e-17 1.83e-17 1.54e-17   0.001   -0.17
 43.531 -14.237 7.68e-15 3.92e-15 1.96e-15   0.002   -0.79
 43.288 -10.701 2.39e-15 1.51e-15 7.80e-16   0.002    0.32
 43.416 -15.016 1.25e-16 1.14e-16 7.22e-17   0.003   -0.72
 43.604 -10.005 1.66e-15 1.04e-15 6.03e-16   0.001   -0.19
 43.555 -11.140 5.24e-13 3.47e-13 1.91e-13   0.004   -0.45
 43.528 -10.296 2.40e-15 1.39e-15 7.22e-16   0.003   -0.35
 43.467 -10.221 2.76e-14 1.44e-14 6.81e-15   0.003    0.41
 43.709 -13.423 3.28e-15 1.84e-15 9.14e-16   0.001   -0.28
 43.619 -14.925 8.90e-16 6.19e-16 3.67e-16   0.002   -0.63
 43.700  -9.527 6.96e-16 5.15e-16 2.94e-16   0.000    1.21
 43.733 -13.672 4.73e-15 2.82e-15 1.36e-15   0.000    1.20
 43.827 -13.168 1.55e-16 1.21e-16 7.94e-17   0.001   -0.50
 43.792 -10.267 2.15e-14 1.17e-14 5.16e-15   0.000    1.28
 43.926  -9.909 7.39e-17 6.90e-17 5.42e-17   0.003   -0.04
 43.895 -13.644 3.35e-15 1.97e-15 8.99e-16   0.001   -0.06
 43.889 -14.069 1.53e-14 8.43e-15 3.78e-15   0.001    1.21
 43.896 -14.043 1.85e-14 1.02e-14 4.29e-15   0.002    0.17
 44.071 -10.581 2.33e-15 1.43e-15 8.05e-16   0.003   -0.45
 43.987 -13.894 2.11e-16 1.57e-16 1.02e-16   0.002    0.35
 44.076 -13.941 3.48e-16 2.61e-16 1.58e-16   0.002   -0.81
 43.941 -13.871 2.90e-13 1.64e-13 9.02e-14   0.005    1.96
 43.990 -13.833 3.39e-13 2.44e-13 1.29e-13   0.000   -0.83
 44.156 -13.664 1.29e-17 1.45e-17 1.31e-17   0.001    1.71
 44.291  -9.819 1.19e-14 7.01e-15 3.03e-15   0.002    0.27
 44.293 -13.769 7.32e-16 4.92e-16 2.81e-16   0.003    0.91
 44.245 -13.742 2.96e-17 3.09e-17 2.46e-17   0.001   -0.61
 44.259 -13.576 7.48e-17 7.46e-17 4.97e-17   0.001    0.47
 44.161 -12.587 1.91e-14 9.03e-15 4.17e-15   0.001   -0.94
 44.354 -13.867 1.75e-17 1.99e-17 1.62e-17   0.000   -0.76
 44.325  -7.655 2.85e-16 2.36e-16 1.46e-16   0.002    0.22
 44.251 -13.991 1.69e-15 1.08e-15 5.68e-16   0.002    2.23
 44.345 -13.147 2.30e-16 1.87e-16 1.13e-16   0.002    2.39
 44.302  -9.913 8.33e-17 7.80e-17 5.93e-17   0.003   -0.05
 44.397 -10.620 8.15e-16 5.42e-16 3.40e-16   0.002   -0.21
 44.387 -12.133 4.22e-15 2.26e-15 1.25e-15   0.000    2.22
 44.439 -13.679 2.43e-16 1.87e-16 1.21e-16   0.001    2.18
 44.494 -14.457 1.45e-13 2.22e-13 2.50e-13   0.002   -0.71
 44.384  -9.995 5.75e-13 3.38e-13 1.81e-13  -0.000    0.68
 44.504 -10.506 1.54e-17 1.77e-17 1.56e-17   0.001   -0.44
 44.528 -32.760 2.41e-17 2.16e-17 1.55e-17  -0.001   -0.85
 44.474 -15.481 3.98e-16 3.01e-16 1.88e-16   0.001   -1.05
 44.594 -14.095 6.22e-16 4.09e-16 2.37e-16   0.003    2.79
 44.439  -9.999 3.33e-16 2.68e-16 1.81e-16   0.001   -0.13
 44.588 -11.412 1.15e-17 1.50e-17 1.34e-17   0.001    1.62
 44.585 -10.457 3.65e-17 3.56e-17 2.87e-17   0.001    1.25
 44.549 -13.483 3.81e-14 1.02e-13 1.70e-13   0.002   -0.85
 44.519 -10.039 1.91e-17 2.24e-17 1.94e-17  -0.001    1.48
 44.549 -14.146 1.76e-13 2.34e-13 2.48e-13   0.004   -0.08
 44.573 -14.303 2.88e-15 1.71e-15 8.90e-16   0.002    1.03
 44.681 -10.201 1.32e-17 1.65e-17 1.50e-17   0.004    1.85
 44.395 -10.936 1.95e-15 1.29e-15 6.83e-16   0.002    0.99
 44.580 -14.055 1.07e-15 7.12e-16 3.69e-16   0.002    0.32
 44.482  -9.979 2.46e-15 1.42e-15 7.67e-16   0.004   -0.23
 44.577  -9.978 3.11e-17 3.45e-17 2.72e-17   0.002    1.83
 44.740 -10.011 4.87e-17 4.73e-17 3.88e-17   0.002   -0.00
 44.515 -13.549 1.44e-13 2.13e-13 2.26e-13   0.002   -0.82
 44.547 -13.104 6.23e-16 4.36e-16 2.42e-16   0.002   -0.09
 44.659 -13.329 4.16e-17 3.89e-17 2.95e-17   0.001    0.14
 44.569  -9.187 1.76e-15 1.13e-15 6.35e-16   0.002    0.18
 44.651 -13.381 6.21e-17 5.39e-17 4.09e-17   0.002    2.43
 44.784 -13.875 3.42e-16 2.52e-16 1.65e-16   0.003    2.01
 44.677 -14.752 2.14e-16 1.82e-16 1.15e-16   0.003   -0.94
 44.673 -13.969 4.44e-15 2.54e-15 1.26e-15   0.002    5.17
 44.737  -9.766 8.26e-16 5.94e-16 3.30e-16   0.003    1.01
 44.707 -12.829 4.82e-15 2.78e-15 1.38e-15   0.003   -0.95
 44.754 -14.575 1.48e-16 1.12e-16 7.51e-17   0.001   -0.88
 44.835 -15.035 1.54e-17 1.63e-17 1.40e-17   0.003    5.48
 44.704 -13.747 4.23e-16 3.05e-16 1.83e-16   0.001   -1.01
 44.772 -13.499 8.75e-16 5.81e-16 3.28e-16   0.003   -0.64
 44.750 -14.682 1.89e-17 2.16e-17 1.70e-17   0.002    3.86
 44.778 -14.288 3.65e-13 2.13e-13 1.08e-13   0.002   -0.90
 44.861 -14.310 7.80e-16 5.29e-16 2.95e-16   0.002   -1.01
 44.794 -14.482 4.88e-16 3.63e-16 1.99e-16   0.002   -0.44
 44.807 -10.271 2.94e-15 1.84e-15 9.69e-16   0.001    1.07
 44.832 -14.102 4.17e-17 3.77e-17 2.85e-17   0.001   -0.33
 44.739 -13.875 6.04e-15 3.12e-15 1.47e-15   0.003   11.87
 44.850 -13.906 2.25e-17 2.23e-17 1.82e-17   0.001   -0.86
 44.965 -14.065 7.77e-17 6.53e-17 5.14e-17   0.001    3.12
 44.859 -13.575 2.11e-17 2.15e-17 1.73e-17   0.002   -0.54
 44.834 -10.450 3.65e-13 1.78e-13 9.11e-14   0.002    0.62
 44.996 -13.864 9.76e-17 8.11e-17 5.67e-17   0.003   -0.48
 44.867 -14.158 1.01e-14 5.47e-15 2.40e-15   0.002 -308.16
 44.923 -13.881 5.38e-16 3.81e-16 2.18e-16   0.003   -7.53
 44.952  -9.563 4.03e-17 4.23e-17 3.30e-17   0.002    2.18
 44.965 -10.221 2.43e-16 2.06e-16 1.33e-16   0.002    2.04
 44.982 -13.994 4.07e-15 2.31e-15 1.18e-15   0.001   -2.04
 44.867 -13.827 3.82e-16 2.74e-16 1.66e-16   0.001   -3.06
 44.901 -10.189 4.29e-17 4.25e-17 3.47e-17   0.001    1.72
 44.767 -14.414 7.17e-15 3.95e-15 1.89e-15   0.003   -2.90
 44.851 -14.686 3.24e-16 2.44e-16 1.59e-16   0.003   -1.10
 44.985  -9.921 2.76e-15 1.73e-15 9.33e-16   0.002    2.01
 44.917 -10.054 1.01e-17 1.29e-17 1.24e-17   0.002    2.29
 44.908 -13.444 6.63e-17 5.96e-17 4.41e-17   0.004   -7.27
 44.964  -9.046 6.67e-13 5.64e-13 3.40e-13   0.001    2.62
