-13.961  21.714 2.94e-17 2.08e-17 1.41e-17 34.62 1174.60
-13.954  21.737 2.94e-17 2.03e-17 1.39e-17 24.72 1174.44
-13.870  21.780 1.85e-17 1.34e-17 9.06e-18 25.03 1174.49
-13.862  21.771 2.25e-17 1.60e-17 1.11e-17 18.57 1174.58
-13.829  21.632 2.24e-17 1.61e-17 1.02e-17 32.38 1174.48
-13.807  21.637 2.59e-17 1.82e-17 1.22e-17 17.00 1174.69
-13.786  21.703 2.36e-17 1.60e-17 1.11e-17 27.55 1174.37
-13.783  21.631 2.19e-17 1.60e-17 1.06e-17 23.34 1174.49
-13.766  21.698 2.80e-17 1.90e-17 1.20e-17 23.57 1174.45
-13.764  21.707 2.52e-17 1.76e-17 1.17e-17 31.25 1174.66
-13.760  21.701 2.50e-17 1.72e-17 1.15e-17 15.97 1174.69
-13.758  21.698 2.91e-17 2.12e-17 1.46e-17 29.31 1174.38
-13.741  21.685 2.25e-17 1.71e-17 1.10e-17 28.96 1174.56
-13.718  21.714 2.63e-17 1.93e-17 1.23e-17 25.51 1174.40
-13.699  21.656 2.50e-17 1.77e-17 1.15e-17 23.78 1174.51
-13.586  21.473 2.65e-17 1.90e-17 1.17e-17 23.56 1174.62
-13.577  21.700 2.49e-17 1.83e-17 1.19e-17 23.98 1174.48
-13.537  21.809 2.50e-17 1.69e-17 1.20e-17 31.48 1174.61
