-31.603  43.445 1.28e-13 6.55e-14 3.02e-14   0.001    2.10
-30.841  42.442 9.54e-16 5.99e-16 3.13e-16  -0.001    1.98
-30.258  43.209 6.83e-15 3.62e-15 1.73e-15   0.002    2.09
-30.183  42.832 2.99e-17 2.96e-17 2.18e-17   0.002    1.96
-29.753  44.316 2.10e-17 2.08e-17 1.64e-17   0.000    2.12
-29.635  42.582 1.01e-17 1.17e-17 9.81e-18   0.001    2.01
-29.452  44.604 1.61e-17 1.66e-17 1.38e-17   0.001    2.34
-29.314  43.823 5.42e-16 3.67e-16 1.98e-16   0.002    2.20
-29.021  42.748 1.35e-13 6.96e-14 3.24e-14   0.002    1.99
-28.653  42.373 2.01e-13 1.19e-13 5.89e-14  -0.000    1.90
-27.977  40.988 2.29e-17 2.23e-17 1.71e-17   0.000    1.78
-27.470  44.700 4.13e-16 3.00e-16 1.70e-16  -0.000    2.24
-27.556  42.101 1.59e-16 1.22e-16 7.71e-17  -0.001    1.82
-27.104  43.894 3.29e-17 3.08e-17 2.29e-17   0.001    1.89
-27.136  44.081 4.47e-17 3.91e-17 2.99e-17   0.001    1.87
-27.108  44.587 7.64e-17 6.43e-17 4.53e-17   0.002    1.90
-26.381  39.874 1.85e-16 1.40e-16 8.37e-17   0.000    1.67
-26.296  44.833 1.67e-16 1.28e-16 8.04e-17   0.001    0.48
-26.293  44.778 1.56e-16 1.22e-16 7.89e-17   0.002    0.60
-26.247  44.796 7.35e-17 6.34e-17 4.36e-17   0.002   -0.42
-25.954  44.890 1.41e-13 7.27e-14 3.27e-14   0.002    0.75
-25.849  42.325 9.22e-17 7.69e-17 5.15e-17  -0.000    1.57
-25.889  44.694 7.59e-15 4.14e-15 1.95e-15   0.000    0.55
-25.672  44.481 1.98e-17 2.02e-17 1.67e-17   0.003    0.52
-25.524  44.138 5.71e-15 3.06e-15 1.48e-15   0.003    1.18
-25.395  44.230 9.37e-16 5.80e-16 3.20e-16   0.002    0.94
-25.211  42.276 1.11e-14 5.81e-15 2.57e-15   0.000    1.50
-24.939  44.577 5.00e-16 3.41e-16 1.95e-16   0.002    0.31
-24.929  44.602 4.75e-17 4.18e-17 3.05e-17   0.000    0.48
-24.795  44.963 5.99e-17 5.30e-17 3.81e-17   0.002    0.28
-24.448  44.093 2.88e-17 2.76e-17 2.14e-17   0.001    0.75
-23.778  43.604 5.13e-17 4.58e-17 3.32e-17   0.002    0.84
-23.630  44.784 3.18e-13 2.28e-13 1.28e-13   0.003    0.62
-23.593  44.266 6.20e-17 5.46e-17 3.79e-17  -0.000    0.73
-23.240  43.859 6.03e-16 4.04e-16 2.30e-16   0.002    0.71
-22.909  39.289 1.68e-15 9.65e-16 4.98e-16   0.000    1.53
-22.229  44.693 5.87e-15 3.20e-15 1.53e-15   0.001    0.86
-21.843  43.575 3.08e-17 2.96e-17 2.27e-17   0.004    0.88
-21.893  41.990 6.84e-17 5.90e-17 4.07e-17   0.002    1.24
-21.200  41.632 2.61e-17 2.48e-17 2.03e-17   0.000    1.24
-20.257  40.347 2.61e-16 1.89e-16 1.13e-16   0.002    1.32
-20.263  44.688 8.91e-15 4.83e-15 2.29e-15   0.002    1.04
-19.464  43.269 3.67e-16 2.63e-16 1.56e-16   0.002    0.99
-19.330  43.093 1.63e-17 1.75e-17 1.44e-17   0.001    1.03
-19.064  44.846 8.73e-17 7.02e-17 5.08e-17   0.002    1.06
-18.590  37.957 2.67e-13 2.17e-13 1.49e-13   0.072    0.16
-17.994  42.001 1.12e-15 6.98e-16 3.60e-16   0.002    1.14
-17.593  39.707 4.64e-17 4.14e-17 3.05e-17   0.003    1.31
 -5.282  15.171 6.57e-14 6.52e-14 5.04e-14   0.062    0.44
 -0.314  42.636 1.50e-12 1.03e-12 5.74e-13   0.068    0.24
