  1.930 -33.884 1.90e-15 1.18e-15 5.74e-16   0.002    0.77
  8.498 -31.742 2.25e-14 1.07e-14 4.92e-15  -0.001    0.65
  9.851 -35.940 6.86e-16 4.86e-16 2.98e-16   0.001    0.82
 10.173 -35.553 6.17e-15 3.35e-15 1.67e-15   0.003    0.90
 12.161 -36.517 1.20e-15 8.03e-16 4.31e-16   0.002    0.90
 15.128 -38.383 2.89e-15 1.73e-15 9.08e-16   0.003    0.96
 15.554 -35.777 3.03e-13 1.67e-13 7.80e-14   0.002    0.88
 15.844 -38.816 4.75e-15 2.63e-14 7.86e-14   0.002    1.16
 17.258 -36.528 2.56e-17 2.76e-17 2.24e-17   0.001    0.86
 17.142 -36.722 1.08e-17 1.42e-17 1.25e-17  -0.001    0.87
 18.399 -37.936 3.07e-14 1.66e-14 7.38e-15   0.000    1.04
 18.414 -36.068 7.27e-15 3.94e-15 1.90e-15   0.001    0.69
 18.915 -42.227 7.99e-16 5.54e-16 3.38e-16   0.002    0.90
 19.403 -37.475 1.46e-15 9.14e-16 5.31e-16   0.001    0.93
 19.675 -42.209 8.82e-17 8.26e-17 6.06e-17   0.002    0.99
 19.572 -35.468 1.48e-16 1.23e-16 7.91e-17  -0.000    0.74
 19.861 -36.437 4.71e-15 2.80e-15 1.34e-15   0.001    0.69
 20.080 -41.030 1.84e-14 8.79e-15 4.39e-15   0.001    1.27
 20.468 -40.157 1.74e-15 1.12e-15 6.30e-16   0.003    1.28
 20.858 -40.204 3.32e-14 1.66e-14 8.02e-15   0.002    1.35
 20.850 -39.703 3.41e-15 2.13e-15 1.05e-15   0.001    1.41
 21.165 -38.688 1.82e-16 1.43e-16 9.84e-17   0.001    1.19
 21.905 -43.690 1.15e-15 7.91e-16 4.54e-16   0.002    0.71
 21.853 -34.987 9.00e-17 8.16e-17 5.18e-17   0.002    0.56
 22.437 -44.308 6.77e-17 6.80e-17 5.45e-17   0.002    0.50
 22.578 -39.976 3.22e-17 3.46e-17 2.76e-17   0.001    1.49
 22.880 -41.000 1.12e-14 6.07e-15 2.87e-15   0.001    1.31
 22.881 -38.442 5.06e-16 3.59e-16 2.28e-16   0.002    1.04
 23.239 -40.858 8.17e-17 7.46e-17 5.64e-17   0.004    1.54
 23.186 -42.546 6.32e-15 3.66e-15 1.75e-15   0.003    0.80
 23.609 -41.848 3.33e-15 2.09e-15 1.08e-15   0.002    1.08
 23.558 -44.273 2.04e-15 1.31e-15 7.29e-16   0.003    0.53
 23.784 -40.264 2.56e-14 1.26e-14 6.00e-15   0.002    1.69
 23.709 -38.358 2.38e-14 1.16e-14 5.63e-15  -0.000    0.70
 23.939 -39.547 2.80e-14 1.41e-14 6.71e-15   0.002    1.48
 23.957 -37.342 2.70e-14 1.40e-14 6.55e-15   0.002    0.60
 24.112 -40.011 9.42e-16 6.37e-16 3.81e-16   0.002    1.81
 24.287 -41.948 2.36e-14 1.26e-14 5.99e-15   0.001    1.22
 24.501 -36.520 7.70e-17 7.23e-17 5.35e-17   0.003    0.53
 24.499 -36.985 5.35e-17 5.34e-17 3.77e-17   0.002    0.56
 24.642 -39.637 6.93e-17 6.54e-17 4.87e-17   0.003    1.77
 24.732 -40.350 3.58e-13 2.04e-13 9.89e-14   0.003    1.92
 24.936 -34.472 9.85e-16 6.22e-16 3.90e-16   0.001    0.44
 24.855 -39.557 4.35e-14 2.13e-14 9.28e-15   0.003    2.05
 24.948 -43.838 1.18e-17 5.11e-18 2.50e-18   0.003    0.39
 25.183 -41.215 9.79e-15 5.71e-15 2.65e-15   0.002    1.38
 25.101 -35.452 2.40e-15 1.55e-15 7.25e-16   0.003    0.34
 24.973 -38.283 2.33e-17 2.44e-17 2.14e-17   0.002    0.69
 25.095 -34.152 3.62e-13 2.14e-13 1.26e-13   0.002    0.37
 25.203 -40.740 1.84e-14 9.47e-15 4.63e-15   0.002    1.89
 25.228 -39.803 4.98e-16 3.88e-16 2.24e-16   0.002    1.91
 25.444 -39.653 5.10e-16 3.87e-16 2.13e-16   0.001    2.28
 25.554 -38.867 3.06e-16 2.41e-16 1.53e-16   0.001    0.91
 25.674 -40.083 1.07e-17 5.42e-18 2.37e-18   0.004    1.75
 25.656 -40.045 5.59e-15 3.20e-15 1.68e-15   0.002    2.32
 25.757 -43.774 8.49e-17 8.23e-17 6.29e-17   0.002    0.42
 25.780 -40.723 1.06e-15 6.89e-16 4.16e-16   0.003    2.13
 25.630 -42.520 1.16e-16 1.01e-16 7.47e-17   0.002    0.50
 25.781 -39.313 2.02e-16 1.71e-16 1.21e-16   0.003    0.80
 25.849 -40.457 3.57e-17 3.58e-17 3.19e-17   0.002    1.65
 25.858 -40.932 2.53e-15 1.51e-15 8.98e-16   0.003    1.73
 25.956 -42.725 8.96e-16 6.55e-16 3.76e-16   0.001    0.72
 25.984 -40.222 2.57e-14 1.34e-14 6.63e-15   0.003    2.49
 26.054 -40.919 1.43e-15 9.67e-16 5.39e-16   0.003    2.10
 26.265 -41.251 6.14e-17 6.10e-17 4.60e-17   0.003    1.24
 26.109 -40.282 6.49e-13 4.50e-13 2.57e-13   0.002    1.82
 26.159 -39.203 7.98e-16 5.60e-16 3.14e-16   0.002    0.97
 26.235 -39.610 2.44e-16 1.94e-16 1.38e-16   0.002    1.48
 26.254 -42.168 1.85e-16 1.51e-16 1.06e-16   0.002    0.44
 26.285 -40.258 4.87e-13 2.70e-13 1.47e-13   0.001    1.89
 26.281 -40.646 1.77e-14 9.47e-15 4.34e-15   0.002    2.67
 26.250 -38.240 2.77e-14 1.48e-14 6.69e-15   0.001    0.33
 26.450 -41.311 2.58e-17 2.84e-17 2.42e-17   0.001    1.53
 26.457 -39.054 1.19e-17 1.35e-17 1.25e-17   0.002    0.49
 26.700 -39.158 3.96e-17 3.96e-17 3.09e-17  -0.000    0.41
 26.646 -39.125 1.34e-14 7.05e-15 3.32e-15   0.003    1.06
 26.620 -40.091 3.63e-15 2.38e-15 1.22e-15   0.002    2.13
 26.810 -40.428 4.19e-17 4.36e-17 3.46e-17   0.003    3.31
 26.755 -39.198 7.14e-15 4.10e-15 2.04e-15   0.001    0.42
 26.856 -40.539 1.22e-17 1.53e-17 1.45e-17   0.001    2.65
 26.848 -42.569 3.72e-15 2.30e-15 1.14e-15   0.002    0.49
 26.887 -41.078 5.49e-17 5.43e-17 4.21e-17   0.002    3.36
 26.924 -41.187 6.78e-17 6.45e-17 4.91e-17   0.001    3.56
 27.058 -40.757 1.04e-17 1.23e-17 1.19e-17   0.002    3.80
 27.135 -40.172 5.42e-15 3.19e-15 1.61e-15   0.001    1.56
 27.055 -40.568 6.19e-17 6.06e-17 4.46e-17   0.003    0.86
 27.150 -40.246 4.15e-15 2.65e-15 1.33e-15   0.001    3.33
 27.194 -40.461 3.46e-17 3.74e-17 3.04e-17   0.004    5.33
 27.268 -41.022 1.09e-15 7.29e-16 4.07e-16  -0.000    1.53
 27.263 -40.576 1.45e-17 1.75e-17 1.66e-17   0.002    0.68
 27.390 -40.674 8.66e-16 6.33e-16 3.63e-16   0.001    2.25
 27.199 -39.334 3.55e-14 1.81e-14 8.06e-15   0.001    0.15
 27.336 -41.115 5.46e-15 3.12e-15 1.62e-15   0.002    2.39
 27.398 -37.694 2.64e-17 2.65e-17 2.22e-17   0.002    0.13
 27.502 -40.359 1.09e-16 1.02e-16 7.17e-17   0.002    7.20
 27.433 -40.156 1.69e-14 9.34e-15 4.45e-15   0.002   11.91
 27.358 -39.288 3.55e-17 3.74e-17 3.01e-17   0.001   -8.98
 27.503 -40.304 2.67e-16 2.26e-16 1.39e-16   0.003    0.21
 27.576 -41.143 4.58e-15 2.67e-15 1.30e-15   0.002    0.21
 27.653 -40.820 1.90e-15 1.28e-15 7.31e-16   0.002    0.98
 27.566 -39.224 4.31e-16 3.12e-16 1.99e-16   0.002    0.04
 27.668 -40.760 2.55e-17 2.88e-17 2.32e-17   0.001    0.27
 27.731 -40.862 4.59e-13 2.40e-13 1.20e-13   0.004   -1.80
 27.713 -41.567 1.44e-16 1.18e-16 8.78e-17   0.001    0.23
 27.698 -44.352 3.16e-14 1.62e-14 7.74e-15   0.002    0.09
 27.727 -40.763 6.65e-16 5.08e-16 2.80e-16   0.002   -4.81
 27.691 -40.606 1.96e-17 2.19e-17 1.89e-17   0.002   -2.97
 27.620 -39.114 9.69e-16 7.24e-16 4.10e-16   0.001    0.05
 27.728 -40.587 2.20e-14 1.16e-14 5.25e-15   0.003   -3.96
 27.927 -41.601 2.86e-17 1.38e-17 6.12e-18   0.003   -0.39
 27.785 -40.849 1.01e-14 5.75e-15 2.88e-15   0.002   -2.33
 28.040 -39.593 3.24e-14 1.71e-14 7.84e-15   0.001   -2.13
 27.923 -38.498 3.12e-16 2.46e-16 1.48e-16   0.001    0.00
 28.073 -41.507 2.53e-15 1.48e-15 7.99e-16   0.003   -2.78
 28.059 -40.826 3.51e-17 3.58e-17 2.97e-17   0.002   -4.03
 28.012 -35.497 9.87e-16 6.35e-16 3.57e-16   0.000    0.19
 28.141 -41.338 1.77e-15 1.13e-15 6.62e-16   0.003   -0.72
 28.187 -40.367 3.86e-17 4.10e-17 3.22e-17   0.003   -3.06
 28.251 -39.522 3.21e-13 1.62e-13 7.57e-14   0.003   -0.16
 28.143 -40.272 1.16e-17 1.54e-17 1.36e-17   0.002   -3.38
 28.237 -40.307 1.47e-15 1.01e-15 5.52e-16   0.002   -1.01
 28.437 -41.592 1.15e-15 7.52e-16 4.64e-16   0.002   -1.12
 28.328 -41.334 2.57e-15 1.66e-15 8.80e-16   0.003   -2.93
 28.279 -40.326 5.88e-13 3.41e-13 1.95e-13   0.002   -2.46
 28.347 -40.520 5.32e-17 5.21e-17 4.13e-17   0.004   -3.28
 28.336 -44.882 5.84e-17 5.60e-17 4.57e-17   0.002    0.00
 28.435 -40.887 3.23e-17 3.48e-17 2.79e-17   0.001   -3.33
 28.513 -41.030 3.77e-15 2.33e-15 1.17e-15   0.002   -2.86
 28.507 -38.890 2.67e-16 1.98e-16 1.24e-16   0.002   -0.28
 28.433 -44.270 1.78e-16 1.49e-16 1.13e-16   0.002   -0.03
 28.737 -40.559 1.25e-15 8.42e-16 4.37e-16   0.002   -1.93
 28.677 -40.945 8.69e-17 8.42e-17 5.87e-17   0.002   -2.12
 28.635 -42.278 2.33e-15 1.44e-15 8.10e-16   0.004   -0.31
 28.623 -42.005 2.41e-15 1.50e-15 8.07e-16   0.001   -0.47
 28.702 -39.542 2.64e-15 1.62e-15 8.76e-16   0.003   -0.56
 28.703 -44.695 8.11e-16 5.73e-16 3.36e-16   0.001   -0.10
 28.941 -42.676 1.91e-14 1.00e-14 4.64e-15   0.002   -0.88
 28.881 -39.719 2.20e-15 1.26e-15 7.12e-16   0.002   -0.38
 28.741 -42.216 1.17e-15 7.93e-16 4.46e-16   0.002   -0.22
 28.952 -43.410 1.17e-14 6.33e-15 3.07e-15   0.002   -0.16
 28.868 -39.994 2.60e-14 1.31e-14 6.16e-15   0.005   -1.48
 28.861 -39.143 1.49e-17 1.72e-17 1.60e-17   0.003   -0.47
 28.786 -40.915 1.12e-15 7.66e-16 4.56e-16   0.001   -2.67
 29.043 -39.597 5.93e-13 4.69e-13 2.82e-13   0.003   -0.59
 28.998 -41.850 5.54e-17 5.64e-17 4.49e-17   0.000   -0.37
 29.014 -44.700 6.48e-15 3.81e-15 1.86e-15   0.003   -0.10
 29.144 -37.567 3.09e-17 3.06e-17 2.59e-17   0.001   -0.03
 29.199 -35.212 2.99e-15 1.79e-15 8.79e-16   0.002    0.13
 29.262 -41.452 2.37e-15 1.47e-15 7.69e-16   0.001   -2.41
 29.418 -41.229 1.71e-16 1.52e-16 9.78e-17   0.001   -1.03
 29.453 -40.333 6.20e-17 5.70e-17 4.61e-17   0.002   -0.66
 29.581 -41.500 4.77e-13 5.04e-13 4.13e-13   0.002   -2.25
 29.845 -39.531 6.36e-17 6.10e-17 4.91e-17   0.002   -0.39
 29.872 -40.657 3.00e-17 3.33e-17 2.81e-17   0.002   -1.85
 29.875 -42.008 1.84e-16 1.53e-16 1.03e-16   0.002   -1.11
 30.032 -40.051 1.26e-14 6.76e-15 3.22e-15   0.000   -0.88
 29.979 -41.152 8.61e-15 4.88e-15 2.28e-15   0.002   -1.87
 30.219 -40.308 4.27e-17 3.91e-17 3.37e-17   0.003   -1.23
 30.334 -40.335 2.37e-17 2.73e-17 2.29e-17   0.003   -1.05
 30.515 -40.442 5.49e-13 5.44e-13 3.98e-13   0.003   -1.65
 30.529 -38.722 1.52e-14 7.52e-15 3.63e-15   0.003   -0.38
 30.542 -41.391 2.89e-17 3.10e-17 2.65e-17   0.003   -1.66
 30.554 -40.524 4.06e-17 4.13e-17 3.42e-17   0.003   -1.31
 30.689 -42.369 4.59e-16 3.28e-16 2.19e-16   0.004   -1.00
 30.630 -43.202 1.38e-17 1.76e-17 1.51e-17   0.001   -0.49
 30.655 -36.688 7.11e-17 6.70e-17 5.04e-17   0.001   -0.12
 30.826 -41.171 3.01e-14 1.59e-14 6.73e-15   0.002   -1.47
 30.920 -37.287 1.11e-14 4.09e-14 1.03e-13   0.003   -0.13
 30.869 -42.689 1.95e-15 1.33e-15 6.80e-16   0.002   -0.79
 30.988 -39.773 8.81e-17 7.95e-17 6.49e-17   0.004   -1.16
 31.357 -43.202 1.85e-17 2.17e-17 1.80e-17   0.003   -0.89
 31.615 -40.425 5.78e-16 4.26e-16 2.40e-16   0.001   -1.15
 31.523 -37.584 5.89e-17 5.68e-17 3.96e-17   0.003   -0.17
 31.752 -44.337 4.56e-15 2.80e-15 1.42e-15   0.002   -0.45
 31.692 -40.328 2.01e-14 9.67e-15 4.69e-15   0.002   -1.23
 31.654 -41.133 2.81e-13 1.46e-13 7.23e-14   0.001   -1.37
 31.673 -42.953 1.15e-16 9.98e-17 7.33e-17   0.002   -0.85
 31.993 -40.689 6.09e-17 6.00e-17 4.50e-17   0.001   -1.27
 32.025 -39.708 1.23e-14 6.74e-15 3.11e-15   0.001   -0.71
 32.050 -38.596 1.59e-16 1.33e-16 8.83e-17   0.001   -0.39
 32.163 -44.187 3.56e-16 2.64e-16 1.74e-16   0.003   -0.66
 32.174 -40.078 2.91e-16 2.49e-16 1.53e-16   0.002   -0.94
 32.072 -40.740 1.16e-17 1.48e-17 1.41e-17   0.001   -1.17
 32.181 -40.551 3.37e-13 1.88e-13 8.48e-14   0.002   -1.03
 32.315 -36.321 8.16e-15 4.54e-15 2.24e-15   0.003   -0.03
 32.576 -40.325 5.64e-17 5.57e-17 4.08e-17   0.002   -0.74
 32.659  -1.148 7.25e-16 8.60e-16 8.82e-16   0.017    0.82
 32.592 -43.760 1.54e-17 7.94e-18 3.80e-18   0.002   -0.72
 32.919 -37.752 2.16e-16 1.77e-16 1.11e-16   0.002   -0.34
 32.986 -39.505 2.55e-14 1.29e-14 6.22e-15   0.002   -0.82
 33.240 -36.542 8.49e-16 5.37e-16 3.03e-16   0.003   -0.11
 33.407 -43.743 6.56e-17 6.61e-17 5.07e-17   0.004   -0.58
 33.801 -36.691 2.28e-13 1.17e-13 5.30e-14   0.003   -0.09
 34.013 -42.226 4.86e-17 4.99e-17 4.03e-17   0.003   -1.07
 34.052 -40.737 1.27e-17 6.79e-18 2.94e-18   0.002   -0.87
 34.645 -44.893 1.14e-16 1.04e-16 7.56e-17   0.002   -0.71
 35.907 -40.325 2.17e-14 1.08e-14 4.93e-15   0.001   -0.76
 35.960 -41.036 3.34e-15 2.06e-15 1.09e-15   0.001   -0.94
 36.864 -38.241 2.74e-16 2.17e-16 1.27e-16   0.002   -0.35
 37.639 -41.049 8.31e-16 5.94e-16 3.47e-16   0.003   -0.71
 37.850 -41.679 3.20e-15 1.88e-15 9.78e-16   0.002   -0.81
 39.059 -40.145 9.53e-17 8.91e-17 6.15e-17   0.002   -0.57
 40.811 -42.842 3.90e-17 4.17e-17 3.27e-17   0.002   -0.78
 41.402  -8.711 4.60e-15 3.83e-15 3.03e-15   0.014    0.60
 41.789 -43.087 6.85e-16 5.12e-16 2.97e-16   0.001   -0.76
 42.739 -30.171 3.22e-12 1.03e-11 2.17e-11   0.020    0.26
 44.249 -31.592 3.83e-15 1.81e-15 7.64e-16   0.025    0.19
