-42.869   3.465 1.23e-15 7.37e-16 3.75e-16   0.002    0.33
-42.867   0.031 1.37e-16 9.91e-17 6.19e-17   0.001    0.36
-42.071   2.977 1.37e-13 1.48e-13 1.20e-13   0.002    0.32
-41.844   0.728 2.54e-16 1.76e-16 1.06e-16  -0.001    0.33
-40.856  10.354 5.03e-15 3.08e-15 1.60e-15   0.003    0.34
-39.106   2.029 3.64e-16 2.43e-16 1.41e-16   0.000    0.25
-38.917   6.295 2.68e-17 2.38e-17 1.80e-17   0.002    0.26
-28.551   5.784 1.64e-15 1.14e-15 6.61e-16   0.002    0.60
-11.273  18.828 1.02e-13 5.37e-14 2.59e-14  -0.001    1.11
-10.544  25.063 2.90e-16 2.02e-16 1.19e-16   0.002    1.27
 -8.252   9.650 3.67e-15 2.03e-15 9.60e-16   0.002    0.86
 -7.972  15.829 1.03e-17 4.97e-18 2.16e-18  -0.000    1.09
 -7.532  19.118 3.34e-15 1.84e-15 9.12e-16   0.002    1.32
 -7.103  16.061 7.74e-17 6.19e-17 4.16e-17  -0.000    1.11
 -6.398  14.889 1.71e-16 1.26e-16 7.64e-17   0.001    1.04
 -6.469  19.716 1.98e-13 1.77e-13 1.33e-13  -0.001    1.47
 -6.006  12.852 2.28e-17 2.16e-17 1.63e-17   0.000    0.88
 -5.224  19.921 1.84e-17 1.86e-17 1.45e-17   0.002    1.67
 -5.095  13.435 3.68e-17 3.22e-17 2.32e-17   0.000    0.96
 -4.906  16.721 1.08e-14 5.54e-15 2.59e-15   0.002    1.24
 -4.770  13.636 4.98e-17 4.29e-17 2.97e-17  -0.001    0.85
 -4.644  21.990 1.13e-17 1.19e-17 1.03e-17   0.002    1.72
 -4.808  19.011 6.01e-15 3.16e-15 1.50e-15   0.001    1.71
 -4.531  18.977 7.63e-17 6.26e-17 4.19e-17   0.003    1.67
 -4.483  18.335 2.62e-17 2.45e-17 1.82e-17   0.001    1.69
 -4.440  16.480 7.13e-15 3.72e-15 1.71e-15   0.001    1.27
 -4.192  14.767 1.52e-13 8.80e-14 4.26e-14   0.001    0.83
 -4.080  10.995 1.49e-17 1.52e-17 1.19e-17   0.000    0.80
 -4.045  18.623 1.00e-15 6.30e-16 3.27e-16   0.001    1.81
 -4.043  14.845 5.49e-17 4.77e-17 3.39e-17  -0.000    0.83
 -3.830  16.700 1.11e-17 1.15e-17 9.57e-18   0.002    1.38
 -3.828  18.314 1.15e-17 1.23e-17 1.02e-17   0.000    1.79
 -3.984  18.903 1.01e-17 1.08e-17 9.26e-18   0.002    1.89
 -3.638  18.194 5.03e-17 4.47e-17 3.07e-17   0.002    1.85
 -3.756  10.723 5.12e-17 4.31e-17 3.06e-17   0.000    0.68
 -3.597  17.593 2.04e-13 1.24e-13 6.26e-14   0.000    1.77
 -3.657  18.456 1.06e-14 5.46e-15 2.53e-15   0.002    1.91
 -3.562  17.180 3.45e-17 3.20e-17 2.37e-17   0.002    1.55
 -3.493   8.958 1.43e-17 1.50e-17 1.17e-17   0.000    0.74
 -3.501  15.987 1.24e-17 1.30e-17 1.05e-17   0.002    1.06
 -3.461  13.947 5.45e-16 3.54e-16 1.97e-16   0.001    0.65
 -3.486  19.233 1.20e-14 5.94e-15 2.70e-15   0.001    1.86
 -3.399  14.156 2.27e-16 1.66e-16 1.02e-16   0.002    0.64
 -3.390  18.065 7.17e-16 4.51e-16 2.45e-16   0.002    1.96
 -3.213  20.762 3.05e-15 1.69e-15 8.28e-16   0.001    1.87
 -3.057  15.409 2.43e-13 1.77e-13 1.10e-13  -0.000    0.77
 -3.107  18.115 5.13e-17 4.24e-17 3.01e-17  -0.000    1.93
 -3.044  17.416 5.31e-17 4.58e-17 3.21e-17   0.003    2.05
 -2.994  16.765 5.36e-17 4.68e-17 3.19e-17   0.000    1.61
 -2.889  15.272 7.95e-15 4.11e-15 1.91e-15   0.001    0.47
 -2.861  16.630 3.23e-16 2.26e-16 1.34e-16   0.003    1.41
 -2.759  15.723 1.82e-16 1.36e-16 8.42e-17   0.000    0.29
 -2.669  17.785 1.02e-17 1.06e-17 9.12e-18  -0.000    2.41
 -2.570  16.566 8.58e-15 4.43e-15 2.06e-15   0.002    1.26
 -2.693  18.467 4.33e-17 3.78e-17 2.70e-17   0.000    2.28
 -2.700  17.129 1.06e-14 5.57e-15 2.51e-15  -0.001    2.37
 -2.513  16.159 6.37e-16 3.97e-16 2.25e-16   0.002    0.82
 -2.562  16.178 5.40e-16 3.64e-16 2.04e-16   0.000   -2.78
 -2.570  17.522 1.89e-16 1.37e-16 8.85e-17   0.001    2.52
 -2.576  16.520 4.70e-17 4.05e-17 2.89e-17   0.001    2.97
 -2.458  16.976 6.77e-15 3.54e-15 1.62e-15   0.002    2.47
 -2.598  16.697 7.26e-16 4.55e-16 2.50e-16  -0.000    2.53
 -2.335  16.492 2.27e-16 1.68e-16 1.01e-16   0.002    5.56
 -2.502  16.457 1.81e-15 1.06e-15 5.25e-16   0.002    1.42
 -2.527  16.055 5.76e-17 4.73e-17 3.33e-17   0.002    0.67
 -2.275  22.161 1.31e-14 6.59e-15 2.98e-15   0.003    1.74
 -2.346  15.753 2.71e-15 1.56e-15 7.54e-16   0.002    0.34
 -2.326  16.277 1.73e-16 1.26e-16 8.08e-17   0.002    0.68
 -2.226  16.179 3.75e-16 2.69e-16 1.54e-16   0.002    0.74
 -2.257  18.015 2.67e-17 2.53e-17 1.84e-17   0.001    2.41
 -2.362  17.197 2.44e-17 2.34e-17 1.82e-17   0.003    3.17
 -2.289  16.631 2.64e-17 2.51e-17 1.91e-17   0.000    2.16
 -2.255  15.764 6.60e-17 5.43e-17 3.66e-17   0.000    0.39
 -2.314  16.061 8.53e-15 2.91e-14 6.33e-14   0.001   -0.20
 -2.268  16.195 1.11e-15 6.92e-16 3.53e-16   0.001   -0.14
 -2.255  16.102 1.50e-16 1.16e-16 7.02e-17   0.002    0.20
 -2.117  16.585 4.66e-15 2.51e-15 1.27e-15   0.000    2.49
 -2.136  16.816 1.22e-17 5.76e-18 2.47e-18  -0.001    2.84
 -2.199  17.141 1.08e-14 5.50e-15 2.53e-15   0.002    2.89
 -2.176  17.141 5.82e-16 3.80e-16 2.07e-16   0.000    2.13
 -2.298  16.642 1.94e-15 1.12e-15 5.76e-16   0.002    1.88
 -2.053  15.137 2.17e-16 1.57e-16 9.55e-17   0.001    0.17
 -2.038  16.313 3.89e-15 2.09e-15 1.02e-15   0.001   -0.76
 -2.162  20.462 2.57e-13 1.84e-13 1.12e-13   0.000    1.85
 -2.202  16.350 3.77e-15 2.07e-15 9.89e-16   0.002    0.24
 -2.104  15.977 1.19e-15 7.10e-16 3.83e-16   0.001    0.14
 -2.210  16.399 9.39e-16 5.90e-16 3.12e-16   0.002   -3.44
 -2.046  15.120 4.44e-17 3.83e-17 2.78e-17   0.001    0.14
 -2.101  16.654 5.16e-16 3.35e-16 1.88e-16   0.001    7.63
 -2.171  17.240 2.20e-16 1.60e-16 9.59e-17   0.000    3.22
 -2.118  16.953 2.22e-16 1.64e-16 9.89e-17   0.001    2.87
 -2.006  15.801 4.50e-17 4.07e-17 2.86e-17   0.003    0.11
 -1.996  16.578 5.66e-17 4.75e-17 3.41e-17   0.002    2.03
 -2.066   9.393 1.23e-16 9.31e-17 5.78e-17   0.002    0.71
 -2.171  16.455 7.74e-16 4.95e-16 2.73e-16  -0.000   -3.39
 -2.076  14.518 4.17e-16 2.86e-16 1.61e-16   0.001    0.32
 -2.036  16.344 2.73e-16 2.01e-16 1.15e-16   0.001   -1.95
 -2.113  14.775 2.94e-15 1.61e-15 7.93e-16   0.002    0.00
 -1.846  15.865 1.61e-15 9.64e-16 5.01e-16   0.002   -0.01
 -2.012  16.759 2.11e-15 1.21e-15 6.10e-16   0.000    2.51
 -2.059  16.565 3.01e-17 2.84e-17 2.09e-17   0.000    0.71
 -1.820  15.281 4.07e-16 2.75e-16 1.56e-16   0.001   -0.08
 -1.964  16.567 2.12e-16 1.56e-16 9.56e-17   0.001   -2.99
 -1.855  16.691 4.05e-17 3.61e-17 2.62e-17   0.004    0.36
 -1.916  16.701 1.40e-14 6.84e-15 3.12e-15   0.001    2.38
 -1.859  15.669 5.50e-16 3.57e-16 2.04e-16   0.001   -0.34
 -1.820  16.706 8.57e-17 6.95e-17 4.71e-17   0.001    1.99
 -1.850  16.577 5.16e-16 3.36e-16 1.88e-16   0.002   -2.37
 -1.855  17.220 1.12e-15 6.93e-16 3.65e-16  -0.001    2.76
 -1.740  15.928 2.50e-17 2.45e-17 1.84e-17   0.000   -0.46
 -1.885  16.591 4.91e-16 3.30e-16 1.85e-16   0.002   -2.42
 -1.866  16.768 7.92e-15 4.15e-15 1.96e-15   0.002    3.76
 -1.824  15.718 1.30e-16 1.03e-16 6.46e-17   0.002   -0.63
 -1.800  16.508 4.01e-17 3.65e-17 2.59e-17   0.002   -2.15
 -1.708  16.258 1.14e-14 5.70e-15 2.65e-15   0.001   -0.88
 -1.842  16.956 2.15e-16 1.56e-16 9.47e-17   0.003    3.88
 -1.800  13.945 1.21e-15 7.36e-16 3.84e-16   0.001    0.29
 -1.817  16.349 7.69e-15 3.99e-15 1.85e-15   0.002   -1.00
 -1.626  15.569 2.13e-13 1.31e-13 6.89e-14   0.001   -0.32
 -1.710  15.824 2.59e-13 1.84e-13 1.07e-13   0.002   -0.70
 -1.672  16.786 1.62e-14 8.33e-15 3.73e-15   0.001    5.07
 -1.562  18.928 3.90e-16 2.68e-16 1.53e-16   0.001    2.12
 -1.646  19.737 1.41e-15 8.65e-16 4.39e-16   0.001    1.92
 -1.680  15.792 1.01e-16 7.95e-17 5.11e-17   0.003   -0.63
 -1.648  15.276 3.84e-15 2.19e-15 1.06e-15   0.001   -0.10
 -1.556  17.061 3.78e-17 3.47e-17 2.47e-17   0.002    3.14
 -1.462  16.588 1.17e-13 6.01e-14 2.77e-14   0.001    0.45
 -1.445  20.002 3.55e-16 2.43e-16 1.46e-16  -0.001    1.89
 -1.532  16.872 3.62e-15 1.97e-15 9.79e-16  -0.000    1.90
 -1.445  17.665 3.75e-16 2.50e-16 1.45e-16   0.002    2.48
 -1.493  16.120 2.17e-13 2.06e-13 1.47e-13   0.001   -0.31
 -1.436  17.616 2.89e-15 1.62e-15 8.25e-16   0.003    2.48
 -1.482  16.962 1.42e-15 8.30e-16 4.36e-16   0.001    2.14
 -1.456  15.873 1.03e-17 1.11e-17 9.10e-18   0.000   -0.57
 -1.453  18.056 9.96e-16 6.17e-16 3.24e-16   0.002    2.12
 -1.469  18.206 1.46e-16 1.10e-16 6.89e-17  -0.000    2.23
 -1.255  15.735 3.11e-15 1.82e-15 8.74e-16   0.001   -0.35
 -1.379  12.205 1.59e-17 1.59e-17 1.28e-17   0.002    0.49
 -1.337  16.560 4.42e-16 3.05e-16 1.68e-16   0.002   -0.17
 -1.283  17.378 1.54e-15 8.94e-16 4.82e-16   0.004    2.07
 -1.485  16.503 1.89e-13 1.08e-13 5.26e-14  -0.000    0.78
 -1.436  12.706 1.34e-14 6.78e-15 3.09e-15   0.002    0.45
 -1.326  16.739 8.74e-16 5.43e-16 2.93e-16   0.001    1.13
 -1.363  17.465 1.34e-14 6.93e-15 3.13e-15   0.003    1.97
 -1.305  14.801 7.92e-15 4.17e-15 1.92e-15   0.003    0.01
 -1.380  15.519 2.35e-17 2.18e-17 1.72e-17   0.001   -0.24
 -1.259  16.376 1.88e-16 1.39e-16 8.64e-17   0.001    0.73
 -1.102  18.039 1.53e-14 7.61e-15 3.48e-15  -0.000    2.07
 -1.162  18.629 6.11e-16 4.09e-16 2.27e-16   0.001    1.98
 -1.093  15.120 3.57e-16 2.39e-16 1.41e-16   0.003   -0.11
 -1.202  16.271 1.53e-16 1.17e-16 7.36e-17   0.002   -0.11
 -1.110  27.201 3.92e-17 3.62e-17 2.55e-17   0.001    1.52
 -1.159  16.492 2.95e-17 2.77e-17 2.07e-17   0.000    0.82
 -1.146  15.387 6.14e-15 3.24e-15 1.55e-15   0.001   -0.14
 -1.131  16.874 6.45e-15 3.31e-15 1.55e-15   0.002    1.31
 -1.041  17.340 1.26e-17 1.30e-17 1.10e-17   0.001    1.81
 -1.001  16.739 7.49e-16 4.84e-16 2.61e-16   0.001    1.01
 -1.035  16.272 3.19e-16 2.20e-16 1.29e-16   0.003    0.43
 -1.036  17.108 8.86e-16 5.60e-16 3.07e-16   0.003    2.07
 -0.967  20.081 1.25e-15 7.54e-16 4.03e-16   0.001    1.74
 -0.979  23.865 2.12e-13 2.08e-13 1.65e-13   0.001    1.63
 -0.788  20.983 1.25e-15 7.47e-16 4.01e-16   0.001    1.75
 -0.924  17.072 8.58e-17 7.07e-17 4.80e-17   0.001    1.30
 -1.060  18.051 1.18e-13 1.61e-13 1.58e-13   0.002    1.69
 -0.905  15.320 3.82e-15 2.11e-15 1.07e-15   0.001    0.05
 -0.737  12.418 8.23e-17 6.78e-17 4.44e-17   0.001    0.40
 -0.655  16.706 2.19e-16 1.59e-16 9.58e-17   0.000    0.88
 -0.654  13.759 5.74e-15 3.06e-15 1.47e-15   0.002    0.32
 -0.572  13.569 1.45e-16 1.08e-16 6.84e-17   0.001    0.30
 -0.464  17.977 3.38e-15 1.93e-15 9.15e-16   0.001    1.57
 -0.365  16.689 3.10e-17 2.86e-17 2.18e-17   0.001    0.96
 -0.371  16.740 2.05e-16 1.49e-16 9.23e-17   0.002    1.03
 -0.288  16.574 5.65e-15 3.02e-15 1.47e-15   0.000    0.83
 -0.178   5.871 7.78e-16 5.01e-16 2.67e-16   0.003    0.81
 -0.243  11.809 1.33e-17 1.37e-17 1.13e-17   0.001    0.52
