-44.934  -7.310 2.40e-15 1.34e-15 6.43e-16   0.002    0.10
-44.866  -4.562 9.17e-14 4.66e-14 2.37e-14   0.000    0.46
-44.916  -4.253 3.80e-17 3.30e-17 2.30e-17   0.001    0.48
-44.611  -2.761 1.17e-14 5.97e-15 2.52e-15   0.001    0.49
-44.504  -1.880 1.50e-17 1.49e-17 1.14e-17   0.000    0.45
-44.610 -34.097 4.87e-13 3.41e-13 2.05e-13   0.046   -0.18
-44.376 -41.707 4.35e-13 2.57e-13 1.51e-13   0.031   -7.56
-44.222  -8.728 1.00e-15 5.64e-16 3.03e-16   0.002    0.01
-44.107  -6.288 1.42e-17 1.39e-17 1.11e-17   0.000    0.38
-44.155  -4.520 1.44e-15 8.68e-16 4.50e-16   0.000    0.51
-44.046  -3.168 2.25e-17 2.09e-17 1.55e-17   0.001    0.52
-43.864  -5.510 6.62e-17 4.98e-17 3.47e-17  -0.000    0.39
-43.971  -5.993 2.24e-15 1.28e-15 6.18e-16   0.001    0.36
-43.809  -5.165 7.98e-15 3.98e-15 1.87e-15   0.001    0.59
-43.825  -6.801 5.03e-15 2.59e-15 1.23e-15   0.002    0.22
-43.756  -5.898 2.66e-16 1.80e-16 1.08e-16   0.004    0.40
-43.701  -7.165 3.63e-17 3.31e-17 2.22e-17   0.001    0.17
-43.703  -4.989 1.66e-13 1.48e-13 9.95e-14   0.000    0.66
-43.605  -3.367 1.24e-15 7.48e-16 3.85e-16   0.000    0.55
-43.694  -3.256 6.27e-17 5.15e-17 3.44e-17   0.000    0.54
-43.474  -6.458 3.11e-16 2.02e-16 1.17e-16   0.002    0.36
-43.674  -2.173 2.27e-15 1.23e-15 6.32e-16   0.000    0.41
-43.261  -5.969 5.16e-16 3.36e-16 1.96e-16   0.000    0.41
-43.303  -6.703 5.45e-17 4.64e-17 3.09e-17   0.001    0.17
-43.366  -4.148 1.93e-17 1.79e-17 1.43e-17   0.002    0.72
-43.212  -6.604 1.06e-14 5.38e-15 2.49e-15   0.001    0.16
-42.932  -5.820 4.66e-15 2.64e-15 1.13e-15  -0.000    0.49
-42.925  -2.466 1.67e-15 9.62e-16 4.80e-16   0.001    0.51
-42.925  -0.079 1.39e-16 9.84e-17 6.08e-17   0.000    0.30
-42.865  -5.285 2.54e-15 1.40e-15 7.15e-16   0.001    0.87
-42.924  -6.109 1.66e-15 9.08e-16 4.62e-16   0.001    0.30
-42.809  -6.743 1.64e-13 1.45e-13 9.91e-14   0.000    0.04
-42.979  -5.857 2.00e-17 1.81e-17 1.38e-17  -0.001    0.31
-42.639  -5.790 9.65e-16 5.64e-16 3.07e-16   0.000    0.85
-42.928 -10.533 8.10e-16 5.25e-16 2.58e-16   0.001   -0.11
-42.802  -6.849 6.07e-15 3.29e-15 1.45e-15  -0.001    0.01
-42.692  -5.377 3.23e-16 2.14e-16 1.20e-16   0.001    0.89
-42.968  -7.905 1.53e-15 8.79e-16 4.34e-16   0.000   -0.14
-42.670  -5.349 2.36e-16 1.67e-16 9.97e-17   0.001    1.11
-42.623  -5.010 1.34e-15 8.20e-16 4.00e-16   0.002    1.01
-42.774  -3.911 2.70e-17 2.42e-17 1.80e-17   0.001    0.69
-42.649  -5.496 5.22e-16 3.26e-16 1.89e-16   0.000    0.87
-42.540  -7.271 1.79e-13 1.34e-13 7.84e-14   0.002   -0.15
-42.512  -4.874 1.80e-13 1.17e-13 6.48e-14   0.002    1.02
-42.582 -15.130 1.33e-14 7.82e-15 3.82e-15   0.002    0.34
-42.454  -6.352 1.08e-16 8.28e-17 5.28e-17   0.002   -0.08
-42.547  -5.158 3.46e-17 3.07e-17 2.04e-17   0.002    1.41
-42.380  -6.290 7.65e-15 4.02e-15 1.86e-15   0.000   -0.19
-42.345  -4.515 2.43e-16 1.72e-16 9.80e-17  -0.000    1.01
-42.330  -6.834 5.53e-17 4.52e-17 3.05e-17   0.002   -0.28
-42.449  -5.396 1.70e-15 9.53e-16 4.63e-16   0.001    1.66
-42.321 -13.832 3.02e-17 2.65e-17 1.82e-17   0.002   -0.10
-42.214  -5.866 2.67e-16 1.84e-16 1.03e-16   0.000   -0.26
-42.312  -6.294 1.25e-14 6.20e-15 2.69e-15   0.002   -0.42
-42.205  -6.043 5.84e-17 5.09e-17 3.21e-17  -0.000   -0.38
-42.087  -4.007 3.08e-15 1.67e-15 8.27e-16   0.002    0.65
-42.360  -0.357 2.11e-17 1.99e-17 1.47e-17   0.002    0.37
-42.401  -6.109 3.08e-15 1.69e-15 7.95e-16   0.003   -0.52
-42.281  -5.569 2.03e-16 1.42e-16 8.67e-17   0.000    0.39
-42.213  -5.698 1.30e-15 7.59e-16 4.05e-16   0.001   -0.57
-42.334  -5.688 1.59e-17 1.57e-17 1.16e-17   0.000   -0.82
-42.203  -5.462 3.76e-15 2.09e-15 9.51e-16   0.000    2.08
-42.268  -5.632 5.96e-17 4.88e-17 3.19e-17   0.003   -2.87
-42.249  -4.379 4.01e-15 2.18e-15 1.00e-15   0.001    0.78
-42.209  -5.460 2.17e-15 1.21e-15 5.90e-16   0.002    2.32
-42.127  -5.221 2.32e-15 1.34e-15 6.26e-16   0.001    1.44
-42.135  -5.516 7.58e-16 4.71e-16 2.60e-16   0.002   -3.05
-42.130  -5.236 1.86e-15 1.11e-15 5.27e-16   0.001    2.62
-42.003  -4.542 1.22e-17 1.25e-17 9.64e-18   0.000    0.72
-42.096  -6.413 7.33e-16 4.51e-16 2.42e-16  -0.001   -0.66
-42.011  -5.340 5.13e-15 2.50e-15 1.21e-15   0.002   -0.70
-42.194  -7.267 6.44e-17 5.58e-17 3.83e-17   0.000   -0.37
-42.085  -5.693 4.13e-17 3.44e-17 2.25e-17   0.001   -2.15
-42.068  -5.860 3.12e-16 2.21e-16 1.18e-16   0.001   -1.23
-42.093  -5.342 6.86e-16 4.25e-16 2.27e-16   0.001   -4.12
-41.963  -5.099 5.91e-17 4.87e-17 3.31e-17   0.001    0.68
-42.098  -5.684 4.86e-17 4.05e-17 2.85e-17   0.001   -1.56
-41.995  -5.406 2.43e-17 2.16e-17 1.61e-17   0.001   -3.28
-41.884  -3.359 1.99e-16 1.40e-16 8.81e-17   0.002    0.48
-42.044  -4.624 1.12e-15 6.60e-16 3.37e-16   0.000    0.65
-42.010  -5.241 4.06e-15 2.22e-15 1.08e-15   0.002   -0.52
-41.977  -4.664 1.37e-15 7.84e-16 4.08e-16   0.000    0.47
-41.919  -7.080 1.16e-16 8.71e-17 5.42e-17   0.003   -0.47
-41.902  -3.185 1.44e-15 8.30e-16 4.20e-16  -0.000    0.44
-41.957  -5.524 3.45e-15 1.90e-15 8.73e-16   0.001   -1.17
-41.830  -6.642 1.09e-15 6.26e-16 3.34e-16   0.001   -0.68
-41.804  -5.913 6.28e-17 4.99e-17 3.33e-17   0.001   -1.07
-41.810  -5.727 9.02e-16 5.24e-16 2.71e-16   0.000   -0.99
-41.737  -6.277 6.57e-17 5.33e-17 3.62e-17  -0.002   -0.92
-41.667  -4.732 1.59e-17 1.53e-17 1.23e-17   0.002    0.10
-41.695 -11.219 4.76e-15 2.60e-15 1.20e-15   0.000   -0.18
-41.608  -9.983 8.38e-16 4.57e-16 2.59e-16   0.001   -0.15
-41.301 -13.551 1.76e-15 1.07e-15 5.23e-16   0.002   -0.09
-41.381  -7.377 5.17e-17 4.37e-17 2.96e-17   0.001   -0.51
-41.238  -6.252 2.99e-17 2.59e-17 1.90e-17  -0.001   -0.77
-41.056  -4.098 6.32e-17 5.12e-17 3.15e-17   0.001    0.13
-41.014 -10.943 1.82e-15 1.00e-15 4.82e-16   0.002   -0.24
-40.973  -0.997 3.17e-17 2.73e-17 1.91e-17   0.001    0.24
-40.875  -6.310 4.59e-16 3.09e-16 1.68e-16   0.000   -0.58
-40.938  -8.701 1.32e-16 9.21e-17 6.03e-17   0.001   -0.46
-40.967  -7.118 3.42e-15 1.85e-15 9.13e-16   0.001   -0.52
-40.921  -4.273 9.02e-16 5.54e-16 2.91e-16   0.001   -0.02
-40.776  -6.540 3.93e-17 3.45e-17 2.40e-17   0.000   -0.53
-40.845  -5.614 6.33e-15 3.04e-15 1.51e-15   0.001   -0.44
-40.684  -3.543 5.36e-16 3.36e-16 1.90e-16   0.002    0.07
-40.635  -4.724 2.51e-15 1.40e-15 6.61e-16   0.001   -0.28
-40.452 -30.100 1.16e-12 7.31e-13 3.76e-13   0.034   -2.98
-40.233  -4.602 3.89e-17 3.35e-17 2.36e-17   0.002   -0.11
-40.191  -6.752 4.57e-16 2.94e-16 1.64e-16   0.001   -0.42
-40.191  -4.006 7.87e-17 6.03e-17 4.17e-17   0.001   -0.06
-39.988  -5.602 1.14e-16 9.11e-17 5.45e-17   0.000   -0.27
-39.817  -4.720 1.95e-17 1.87e-17 1.41e-17   0.002   -0.11
-39.881  -6.467 8.30e-17 6.19e-17 4.13e-17   0.001   -0.33
-39.763  -0.622 3.75e-16 2.61e-16 1.36e-16   0.001    0.29
-39.666 -44.611 1.57e-17 7.29e-18 3.34e-18   0.003    0.21
-39.106 -44.732 8.22e-16 6.45e-16 4.14e-16   0.003    0.16
-38.639  -7.606 6.37e-15 3.40e-15 1.52e-15   0.003   -0.20
-38.514 -25.775 1.33e-16 1.24e-16 8.83e-17   0.003    0.30
-38.307 -43.928 1.55e-15 1.06e-15 5.90e-16   0.003    1.01
-38.224  -6.753 3.99e-15 2.18e-15 1.09e-15   0.002   -0.10
-37.791  -4.063 1.24e-15 7.66e-16 3.87e-16   0.001   -0.05
-37.748 -41.448 3.66e-15 4.59e-15 4.13e-15   0.034   -4.13
-37.579 -39.543 4.42e-17 2.09e-17 9.38e-18   0.002    0.26
-37.309  -7.654 1.81e-17 2.22e-17 2.17e-17   0.004    0.61
-37.404 -16.770 3.30e-17 3.59e-17 2.99e-17   0.003    0.54
-37.155  -5.215 1.30e-16 9.74e-17 5.94e-17   0.003    0.03
-37.064  -9.254 3.99e-17 3.32e-17 2.30e-17   0.001   -0.04
-36.966 -40.248 2.03e-13 1.52e-13 7.94e-14   0.025   -1.79
-36.550  -8.376 1.47e-17 1.82e-17 1.77e-17   0.003    0.61
-36.286 -19.112 1.27e-16 1.22e-16 8.74e-17   0.002    0.51
-35.712 -41.817 3.02e-15 1.84e-15 1.04e-15   0.001    0.83
-34.848  -9.179 5.04e-17 4.11e-17 2.91e-17   0.002    0.05
-34.701 -26.574 1.25e-17 1.53e-17 1.51e-17   0.001    0.32
-34.390 -18.738 2.40e-16 1.94e-16 1.38e-16   0.003    0.65
-34.326 -16.020 6.48e-16 4.71e-16 3.00e-16   0.002    0.79
-34.176 -12.815 1.31e-14 7.29e-15 3.61e-15   0.002    0.83
-34.086 -13.360 7.41e-15 4.26e-15 2.26e-15   0.003    0.83
-33.553  -8.533 2.45e-16 1.79e-16 1.04e-16   0.002    0.08
-32.989 -14.461 1.51e-17 1.96e-17 1.80e-17   0.002    0.94
-32.824 -38.583 3.65e-17 3.20e-17 2.18e-17   0.019   -0.32
-32.919 -25.277 1.12e-16 1.03e-16 8.12e-17   0.002    0.33
-32.762 -16.789 9.20e-13 6.18e-13 3.52e-13   0.004    0.82
-32.779 -25.605 7.00e-15 4.03e-15 2.07e-15   0.001    0.39
-32.039 -15.146 4.44e-17 4.76e-17 3.82e-17   0.002    0.99
-32.118 -44.846 6.82e-16 9.41e-16 9.52e-16   0.021   -0.51
-32.025 -16.422 1.49e-17 1.77e-17 1.64e-17   0.002    0.94
-31.970 -17.172 5.88e-13 3.51e-13 1.69e-13   0.003    0.88
-31.992 -15.970 1.10e-15 7.50e-16 4.61e-16   0.002    0.98
-31.853  -6.175 5.60e-17 4.41e-17 3.12e-17   0.001    0.15
-31.494 -13.207 7.55e-17 7.29e-17 5.73e-17   0.003    1.01
-31.528 -21.598 3.38e-17 3.93e-17 3.19e-17   0.001    0.46
-31.565 -18.317 2.33e-17 2.63e-17 2.42e-17   0.001    0.77
-31.604 -13.690 1.62e-15 1.06e-15 6.26e-16   0.003    0.99
-31.519 -17.232 9.87e-17 9.13e-17 7.25e-17   0.000    1.04
-31.387 -18.596 2.07e-16 1.89e-16 1.24e-16   0.002    0.74
-31.349 -20.756 2.26e-16 1.90e-16 1.34e-16   0.004    0.53
-31.266 -19.173 2.11e-14 1.17e-14 5.48e-15   0.002    0.72
-31.185  -9.976 1.25e-14 7.06e-15 3.55e-15   0.003    0.91
-31.106 -15.047 2.44e-15 1.56e-15 8.83e-16   0.003    1.17
-31.013 -14.336 3.88e-16 3.29e-16 2.09e-16   0.002    1.12
-31.056 -20.581 2.08e-16 1.73e-16 1.18e-16   0.002    0.48
-30.933 -17.078 8.80e-13 5.71e-13 3.32e-13   0.003    0.99
-30.916 -20.313 8.76e-13 6.14e-13 3.42e-13   0.004    0.49
-30.883 -19.188 2.26e-15 1.55e-15 8.34e-16   0.002    0.71
-30.611 -16.214 4.62e-14 2.39e-14 1.04e-14   0.002    1.26
-30.748 -22.164 4.37e-17 4.80e-17 4.03e-17  -0.000    0.39
-30.540 -21.038 6.88e-13 4.10e-13 2.03e-13   0.002    0.47
-30.577 -15.241 1.30e-15 8.90e-16 5.47e-16   0.002    1.24
-30.492 -17.961 3.19e-17 3.67e-17 3.05e-17   0.001    0.83
-30.398 -13.452 2.74e-16 2.34e-16 1.60e-16   0.003    1.09
-30.438  -8.236 5.84e-15 3.45e-15 1.79e-15   0.003    0.85
-30.124 -15.517 1.78e-16 1.51e-16 1.09e-16   0.004    1.33
-30.263 -17.247 1.10e-17 1.40e-17 1.39e-17   0.002    1.01
-30.138 -16.726 9.11e-15 5.31e-15 2.63e-15   0.003    1.14
-29.984 -14.550 1.19e-15 8.96e-16 5.03e-16   0.003    1.24
-29.958 -16.501 2.67e-15 1.78e-15 9.72e-16   0.004    1.24
-29.730 -16.983 1.08e-14 5.05e-14 1.39e-13   0.002    1.05
-29.571 -16.089 2.36e-15 1.59e-15 8.94e-16   0.002    1.49
-29.658 -14.481 5.26e-13 2.85e-13 1.26e-13   0.003    1.27
-29.684 -14.009 9.69e-13 6.43e-13 3.57e-13   0.003    1.14
-29.609 -42.131 6.91e-15 3.91e-15 1.98e-15   0.003    0.60
-29.645 -19.184 3.51e-16 2.84e-16 1.95e-16   0.003    0.41
-29.492 -23.864 1.04e-17 1.37e-17 1.40e-17   0.001    0.26
-29.520 -13.297 9.00e-17 9.06e-17 6.82e-17   0.003    1.07
-29.259 -16.747 1.11e-17 1.46e-17 1.48e-17   0.001    1.97
-29.337 -44.490 4.14e-14 2.13e-14 9.78e-15   0.002    0.52
-29.289 -17.280 3.30e-17 3.70e-17 3.14e-17   0.003    1.07
-29.264 -14.443 5.43e-17 5.49e-17 4.39e-17  -0.000    1.27
-29.297 -15.776 4.52e-16 3.60e-16 2.36e-16   0.002    1.61
-29.217 -17.655 2.66e-17 1.34e-17 5.97e-18   0.003    0.82
-29.230 -15.321 6.27e-14 3.37e-14 1.43e-14   0.001    1.52
-29.227 -41.911 1.93e-17 2.29e-17 2.07e-17   0.002    0.61
-29.064 -16.121 4.34e-13 5.89e-13 6.08e-13   0.003    1.73
-29.074 -16.993 1.10e-17 1.42e-17 1.47e-17   0.002    1.21
-29.147 -16.164 2.11e-14 1.10e-14 5.34e-15   0.001    1.84
-29.085 -18.406 2.53e-17 2.98e-17 2.76e-17   0.000    0.39
-29.041 -41.227 4.51e-11 4.10e-11 3.00e-11   0.018   -0.08
-29.139 -18.645 2.60e-17 1.27e-17 5.17e-18   0.004    0.32
-28.958 -44.547 1.10e-13 6.61e-14 3.47e-14   0.012    0.17
-29.154 -12.749 1.02e-17 5.62e-18 2.53e-18   0.002    1.00
-29.141 -16.554 1.26e-15 8.65e-16 5.15e-16   0.005    1.54
-29.055 -15.502 1.07e-17 1.41e-17 1.31e-17   0.002    1.60
-28.949 -16.710 3.84e-16 2.99e-16 2.02e-16   0.001    1.73
-28.795 -17.942 9.10e-17 8.66e-17 6.82e-17   0.005    0.34
-28.915 -17.956 1.02e-15 7.12e-16 4.25e-16   0.001    0.41
-28.835 -13.903 3.40e-17 3.58e-17 3.27e-17   0.002    1.16
-28.802 -16.785 1.01e-14 5.52e-15 2.86e-15   0.002    1.40
-28.825 -16.588 3.93e-14 2.00e-14 9.28e-15   0.003    1.86
-28.638 -16.139 2.70e-14 1.36e-14 6.87e-15   0.002    2.01
-28.880 -16.263 1.22e-17 5.98e-18 2.58e-18   0.002    2.09
-28.739 -16.714 1.01e-15 7.18e-16 4.48e-16   0.002    2.09
-28.809 -15.895 5.99e-14 2.89e-14 1.38e-14   0.003    1.86
-28.614 -16.428 2.11e-15 1.39e-15 8.20e-16   0.003    1.99
-28.673 -16.294 4.45e-17 4.41e-17 3.76e-17   0.001    2.19
-28.879 -28.821 1.54e-15 1.03e-15 5.63e-16   0.001    1.00
-28.756 -18.804 6.32e-16 4.76e-16 3.04e-16   0.003    0.21
-28.659 -17.775 1.36e-17 1.62e-17 1.60e-17   0.001    0.23
-28.528 -15.755 1.45e-17 7.06e-18 3.08e-18   0.002    1.79
-28.594 -16.069 5.80e-17 6.04e-17 4.62e-17   0.001    2.22
-28.668  -4.038 1.03e-17 1.42e-17 1.44e-17   0.001    0.74
-28.571 -19.333 4.57e-14 2.32e-14 1.12e-14   0.004    0.16
-28.603 -15.853 1.06e-13 2.38e-13 3.86e-13   0.002    2.00
-28.624 -14.570 1.92e-14 9.83e-15 4.79e-15   0.003    1.11
-28.469 -16.242 1.45e-15 1.05e-15 5.95e-16   0.003    2.43
-28.509 -13.845 3.21e-15 1.99e-15 1.04e-15   0.002    1.00
-28.440 -16.542 2.58e-17 3.04e-17 2.56e-17   0.003    1.08
-28.512 -16.779 1.94e-15 1.30e-15 7.13e-16   0.003    1.63
-28.523 -16.919 4.54e-17 4.82e-17 4.20e-17   0.001    0.57
-28.413 -16.705 3.00e-14 1.63e-14 7.50e-15   0.001    2.48
-28.289 -16.416 6.74e-15 4.21e-15 2.17e-15   0.002    2.67
-28.520 -16.581 3.02e-17 1.55e-17 6.71e-18   0.004    3.03
-28.421 -16.409 3.38e-17 1.63e-17 6.88e-18   0.002    2.78
-28.379 -15.996 5.95e-16 4.45e-16 2.82e-16   0.001    1.92
-28.323 -17.439 8.28e-17 8.04e-17 6.10e-17   0.002    0.04
-28.324 -16.536 8.69e-17 8.63e-17 6.67e-17   0.002    3.24
-28.263 -14.227 6.30e-16 4.83e-16 3.01e-16   0.003    1.05
-28.453 -17.068 1.91e-17 2.35e-17 2.15e-17   0.002    0.00
-28.252 -16.266 3.01e-14 1.60e-14 7.59e-15   0.004    2.11
-28.362 -16.910 6.43e-13 3.43e-13 1.71e-13   0.002   -0.26
-28.124 -16.863 2.05e-17 1.02e-17 4.69e-18   0.000    0.13
-28.259 -18.617 7.30e-17 7.35e-17 5.92e-17   0.004    0.05
-28.051 -16.207 2.38e-16 2.05e-16 1.40e-16   0.002    3.50
-28.187 -16.278 3.85e-17 4.18e-17 3.63e-17   0.002    1.24
-28.248 -14.935 8.47e-13 8.42e-13 6.07e-13   0.001    1.08
-28.041 -16.577 1.55e-15 1.03e-15 6.09e-16   0.002   -3.54
-28.227 -17.692 1.72e-14 9.81e-15 4.60e-15   0.002   -0.68
-28.229 -16.435 1.01e-17 1.40e-17 1.47e-17   0.003    0.00
-28.092 -16.321 2.71e-13 4.64e-13 5.57e-13   0.002    0.95
-28.157 -16.252 1.45e-16 1.31e-16 9.06e-17   0.000    5.93
-28.032 -16.769 1.75e-15 1.15e-15 6.74e-16   0.002   -1.45
-28.124 -16.427 4.91e-13 2.67e-13 1.24e-13   0.002   -3.35
-28.193 -16.800 1.19e-17 1.46e-17 1.43e-17   0.005   -0.60
-27.992 -16.232 1.57e-16 1.42e-16 1.02e-16   0.004    5.85
-28.093 -44.445 2.03e-15 1.36e-15 7.38e-16   0.003    0.12
-28.039 -16.472 4.86e-16 3.60e-16 2.31e-16   0.002   -4.88
-28.228 -14.726 1.51e-15 1.06e-15 5.99e-16   0.002    0.96
-28.084 -17.039 1.27e-13 2.91e-13 4.33e-13   0.004   -1.09
-28.030 -16.698 6.68e-14 3.35e-14 1.55e-14   0.002   -0.89
-28.027 -16.560 4.41e-14 2.27e-14 9.93e-15   0.004   -1.85
-27.975 -15.737 1.60e-14 8.82e-15 4.10e-15   0.002    1.01
-27.887 -16.499 8.73e-17 8.56e-17 6.41e-17   0.003   -2.37
-28.007 -16.172 1.95e-14 1.02e-14 4.90e-15   0.003    0.68
-28.005 -16.096 1.85e-17 2.19e-17 2.10e-17   0.003    4.68
-28.030 -16.071 1.50e-17 1.78e-17 1.80e-17   0.002   -0.76
-27.871 -16.898 2.23e-17 2.56e-17 2.45e-17   0.002   -1.65
-27.884 -15.664 2.61e-17 2.94e-17 2.72e-17   0.003    0.89
-28.002 -17.043 4.05e-17 4.25e-17 3.69e-17   0.002   -1.25
-27.976 -15.910 4.99e-17 5.25e-17 4.52e-17   0.003    0.03
-27.740 -17.521 1.27e-17 6.02e-18 2.56e-18   0.003   -0.25
-27.780 -42.754 6.57e-16 3.26e-16 1.55e-16   0.019   -0.20
-27.748 -14.394 1.50e-17 7.44e-18 3.35e-18   0.004    1.17
-27.788 -16.680 3.27e-15 2.05e-15 1.10e-15   0.003   -1.61
-27.832 -17.532 6.50e-15 3.82e-15 1.89e-15   0.002   -0.53
-27.739 -18.440 1.03e-16 9.56e-17 7.76e-17   0.003   -0.13
-27.905 -16.873 9.08e-13 8.00e-13 5.77e-13   0.002   -0.94
-27.755 -15.847 9.78e-13 5.47e-13 3.08e-13   0.001    0.68
-27.654 -14.814 6.89e-15 4.43e-15 2.09e-15   0.002    0.91
-27.782 -17.208 6.29e-15 3.65e-15 1.92e-15   0.002   -0.82
-27.609 -17.134 1.18e-17 1.51e-17 1.52e-17   0.003   -0.71
-27.671 -16.090 7.72e-17 7.54e-17 5.78e-17   0.004    0.05
-27.669 -15.714 2.03e-16 1.85e-16 1.25e-16   0.002    0.34
-27.665 -15.915 9.86e-13 6.58e-13 3.56e-13   0.001    0.01
-27.563 -43.470 5.85e-15 3.36e-15 1.73e-15   0.001    0.28
-27.607 -14.225 1.35e-15 9.55e-16 5.26e-16   0.001    0.77
-27.605 -18.875 9.17e-16 6.66e-16 3.97e-16   0.003   -0.12
-27.570 -15.852 5.31e-15 3.14e-15 1.53e-15   0.001    0.09
-27.457 -14.689 5.57e-16 4.58e-16 2.72e-16   0.003    0.68
-27.407 -15.390 1.92e-15 1.29e-15 7.24e-16   0.003    0.55
-27.491 -17.821 1.94e-16 1.63e-16 1.20e-16   0.004   -0.27
-27.621 -15.974 1.25e-16 1.11e-16 8.30e-17   0.001    0.06
-27.482 -15.799 2.46e-14 1.32e-14 6.28e-15   0.001    0.25
-27.471 -13.492 3.58e-16 2.93e-16 1.97e-16   0.001    0.77
-27.426 -16.868 2.86e-17 1.43e-17 6.63e-18   0.002   -0.75
-27.346 -40.063 1.05e-14 8.65e-15 5.60e-15   0.015    0.19
-27.393 -15.679 6.90e-14 3.48e-14 1.53e-14   0.003    0.13
-27.416 -11.203 2.49e-15 1.66e-15 9.24e-16   0.003    0.76
-27.295 -13.033 1.20e-17 1.52e-17 1.56e-17   0.002    0.76
-27.312 -16.622 5.21e-16 4.30e-16 2.61e-16   0.003   -0.86
-27.211 -12.000 1.26e-17 5.42e-18 2.50e-18   0.001    0.78
-27.268 -16.252 4.39e-16 3.48e-16 2.39e-16   0.004   -0.73
-27.096 -16.239 1.37e-16 1.26e-16 9.42e-17   0.002   -0.55
-27.134 -18.843 3.02e-14 1.53e-14 7.09e-15   0.003   -0.12
-27.204 -15.793 1.51e-17 1.98e-17 1.81e-17   0.002   -0.14
-27.197 -15.212 7.68e-16 5.44e-16 3.27e-16   0.004    0.28
-27.191 -11.674 4.39e-13 2.34e-13 1.07e-13   0.001    0.78
-27.211 -20.630 2.18e-16 1.93e-16 1.35e-16   0.003    0.10
-27.138 -16.787 8.65e-16 6.18e-16 3.73e-16   0.001   -0.63
-27.089 -15.607 5.37e-15 3.30e-15 1.67e-15   0.002    0.19
-26.993 -14.253 8.30e-17 8.51e-17 6.14e-17   0.003    0.66
-26.945 -19.353 2.17e-17 2.53e-17 2.36e-17   0.003   -0.02
-27.054 -16.855 5.13e-17 5.56e-17 4.59e-17   0.001   -0.58
-26.942 -19.104 5.40e-17 5.63e-17 4.67e-17   0.002   -0.09
-26.882 -13.123 1.14e-15 8.23e-16 4.73e-16   0.003    0.72
-26.823 -16.970 8.63e-17 8.47e-17 6.56e-17   0.002   -0.53
-26.868 -16.701 1.80e-16 1.68e-16 1.19e-16   0.002   -0.49
-26.805 -13.284 8.32e-16 5.78e-16 3.74e-16   0.003    0.69
-26.817 -16.187 6.14e-14 3.10e-14 1.39e-14   0.002   -0.35
-26.879 -26.185 5.02e-14 2.46e-14 1.14e-14   0.003    0.32
-26.543 -24.608 5.36e-14 2.79e-14 1.23e-14   0.001    0.23
-26.763 -11.010 4.23e-15 2.57e-15 1.42e-15   0.002    0.71
-26.695 -18.438 1.17e-17 1.55e-17 1.52e-17   0.002   -0.23
-26.761 -17.469 7.35e-13 4.20e-13 2.17e-13   0.001   -0.34
-26.449 -18.328 1.18e-13 2.60e-13 4.23e-13   0.002   -0.15
-26.477 -26.828 1.99e-15 1.28e-15 7.41e-16   0.003    0.30
-26.426 -15.867 1.53e-17 1.96e-17 1.86e-17   0.004   -0.14
-26.412 -12.835 1.14e-14 6.51e-15 3.06e-15   0.002    0.65
-26.416 -20.052 1.44e-16 1.37e-16 9.86e-17   0.003   -0.02
-26.231 -10.244 8.62e-16 5.99e-16 4.01e-16   0.002    0.67
-26.359 -14.667 2.54e-14 1.35e-14 6.31e-15   0.003    0.28
-26.412 -20.251 6.43e-17 6.37e-17 5.27e-17   0.002    0.02
-26.218 -20.968 1.59e-17 1.98e-17 1.90e-17   0.001    0.08
-26.273 -17.765 2.64e-15 1.72e-15 9.42e-16   0.003   -0.25
-26.344 -16.775 3.36e-16 2.73e-16 1.79e-16   0.001   -0.30
-26.250 -20.291 3.97e-16 3.24e-16 2.14e-16   0.001   -0.01
-26.226 -16.264 2.02e-15 1.34e-15 7.86e-16   0.003   -0.23
-25.984 -17.448 1.69e-14 9.34e-15 4.39e-15   0.003   -0.23
-26.064 -42.765 5.16e-17 3.90e-17 2.41e-17   0.029   -2.81
-26.055 -19.203 1.51e-14 8.07e-15 4.04e-15   0.002   -0.05
-25.963  -4.095 1.93e-15 1.25e-15 6.99e-16   0.003    0.74
-25.816 -12.842 1.31e-16 1.17e-16 8.57e-17   0.003    0.51
-25.564 -29.800 3.34e-15 2.12e-15 1.16e-15   0.004    0.31
-25.628 -17.571 2.51e-15 1.55e-15 9.06e-16   0.002   -0.21
-25.550 -14.654 9.77e-17 9.18e-17 6.95e-17   0.003    0.20
-25.530 -11.167 1.55e-14 8.87e-15 4.26e-15   0.003    0.62
-25.486 -10.283 3.60e-16 2.99e-16 1.89e-16   0.003    0.72
-25.376 -14.568 7.51e-15 4.24e-15 2.25e-15   0.002    0.29
-25.405 -31.546 5.64e-15 3.34e-15 1.63e-15   0.003    0.38
-25.342 -16.488 3.49e-16 2.82e-16 1.87e-16  -0.000   -0.10
-24.857 -15.093 7.25e-15 4.11e-15 2.13e-15   0.002    0.12
-24.865 -40.986 3.66e-16 2.80e-16 1.88e-16   0.001    0.29
-24.805 -25.446 5.04e-16 3.86e-16 2.46e-16   0.001    0.33
-24.601 -37.170 1.62e-16 7.89e-17 3.74e-17   0.014   -0.07
-24.537 -42.425 1.93e-15 2.25e-15 1.88e-15   0.018   -0.19
-24.507 -41.110 3.51e-13 2.21e-13 1.10e-13   0.020   -0.50
-24.493 -20.077 4.06e-16 3.08e-16 2.06e-16   0.002    1.03
-24.339 -36.215 1.44e-15 9.06e-16 4.88e-16  -0.000    1.06
-24.447 -22.182 2.20e-14 1.14e-14 5.35e-15   0.002    0.21
-24.394 -16.165 5.34e-17 5.75e-17 4.69e-17   0.003    0.10
-24.085 -39.010 8.84e-16 1.12e-15 1.07e-15   0.018   -0.11
-23.999 -18.278 3.66e-15 2.30e-15 1.26e-15   0.002    0.05
-24.026 -11.475 8.86e-13 5.27e-13 2.74e-13   0.005    0.54
-23.797 -18.832 1.51e-14 8.06e-15 3.94e-15   0.003   -0.01
-23.786 -44.871 6.44e-13 3.88e-13 2.17e-13   0.003   -0.49
-23.570 -21.202 2.36e-16 2.01e-16 1.41e-16   0.003    0.12
-23.368 -33.787 2.88e-17 1.43e-17 6.12e-18   0.003    1.15
-23.252 -17.066 5.27e-17 5.48e-17 4.79e-17   0.004    0.11
-23.217 -21.420 3.10e-14 1.61e-14 7.31e-15   0.002    0.21
-23.038 -42.929 1.92e-16 9.01e-17 4.18e-17   0.007    0.44
-22.051 -19.523 9.91e-17 9.46e-17 6.99e-17   0.003    0.22
-21.817 -19.519 6.51e-14 3.06e-14 1.45e-14   0.004    0.16
-21.725 -41.350 3.42e-13 2.00e-13 9.78e-14   0.016    0.12
-21.427 -12.485 2.11e-16 1.72e-16 1.27e-16   0.002    0.48
-21.197 -17.937 5.78e-16 4.30e-16 2.73e-16   0.003    0.28
-21.023 -41.948 1.97e-12 1.06e-12 4.59e-13   0.017   -0.06
-20.886 -10.482 3.26e-15 2.08e-15 1.19e-15   0.002    0.57
-20.605 -44.047 1.46e-14 7.55e-15 3.85e-15   0.003   -0.25
-20.646 -18.003 1.25e-14 7.22e-15 3.60e-15   0.002    0.25
-20.418 -13.524 2.20e-14 1.14e-14 5.65e-15   0.003    0.49
-20.074 -44.754 7.81e-13 4.20e-13 1.93e-13   0.015    0.10
-20.006 -31.464 4.05e-15 2.43e-15 1.28e-15   0.003    1.28
-19.625 -16.897 6.22e-16 4.93e-16 2.92e-16   0.004    0.36
-19.253 -41.825 9.93e-15 9.09e-15 6.75e-15   0.024   -1.02
-18.836  -6.673 4.24e-16 3.39e-16 2.26e-16   0.003    0.71
-18.742 -32.169 1.92e-13 1.39e-13 7.55e-14   0.025   -1.47
-18.255 -32.611 5.47e-17 5.46e-17 4.11e-17   0.002    1.38
-17.106 -15.580 4.22e-16 3.31e-16 2.23e-16   0.003    0.45
-16.248 -15.640 8.36e-15 4.43e-15 2.34e-15   0.004    0.59
-15.955 -43.553 4.36e-14 3.29e-14 2.06e-14   0.021   -0.43
-15.667 -43.476 1.36e-11 6.87e-12 3.33e-12   0.047   -1.35
-15.328 -14.262 1.26e-16 1.17e-16 9.32e-17   0.005    0.58
-15.149 -39.691 4.06e-13 2.22e-13 1.09e-13   0.010    0.50
-14.989 -40.615 2.51e-13 1.85e-13 1.17e-13   0.042   -1.81
-14.546 -14.520 5.88e-14 3.13e-14 1.32e-14   0.002    0.62
-14.052 -41.858 4.06e-12 2.04e-12 9.34e-13   0.020   -0.38
-13.350 -21.336 5.88e-13 3.10e-13 1.50e-13   0.004    0.61
-13.340 -17.965 2.08e-16 1.85e-16 1.29e-16   0.002    1.20
-13.070 -30.389 5.15e-17 5.16e-17 3.86e-17   0.001    1.61
-12.734 -38.710 6.33e-16 4.42e-16 2.50e-16   0.002    1.15
-12.427 -40.804 2.38e-12 1.19e-12 5.60e-13   0.018   -0.16
-11.022 -35.777 4.70e-17 4.46e-17 3.29e-17   0.001    1.39
-10.489 -38.239 2.13e-15 1.23e-15 6.46e-16   0.001    1.22
-10.228 -41.903 1.07e-12 5.77e-13 2.73e-13   0.022   -0.48
 -9.887 -36.917 7.08e-15 6.80e-15 5.57e-15   0.024   -0.77
 -9.801 -39.852 1.65e-15 2.16e-15 1.96e-15   0.024   -0.80
 -9.104 -30.405 1.33e-15 8.36e-16 4.72e-16   0.002    1.84
 -8.846 -40.312 1.15e-15 7.26e-16 3.86e-16  -0.000    1.08
 -8.815 -38.155 1.47e-15 1.68e-15 1.42e-15   0.015    0.19
 -8.614 -37.209 6.25e-14 3.45e-14 1.74e-14   0.005    0.83
 -8.551 -29.694 4.25e-14 2.05e-14 9.33e-15   0.002    1.91
 -8.389 -33.340 2.07e-17 2.23e-17 1.93e-17   0.000    1.67
 -8.356 -26.490 3.46e-16 2.72e-16 1.82e-16   0.004    1.60
 -8.416 -34.887 4.57e-15 4.38e-15 3.40e-15   0.019    0.03
 -8.178 -27.704 1.05e-16 9.19e-17 6.70e-17   0.002    1.74
 -8.268 -27.852 1.22e-15 8.05e-16 4.60e-16   0.005    1.71
 -8.219 -29.320 1.62e-16 1.36e-16 8.87e-17   0.003    1.87
 -7.586 -36.845 3.13e-16 3.24e-16 3.17e-16   0.010    0.75
 -7.371 -26.451 1.92e-16 1.52e-16 1.06e-16   0.001    1.53
 -6.895 -24.756 2.02e-14 1.06e-14 5.03e-15   0.001    1.40
 -6.817 -37.098 2.91e-15 3.29e-15 3.40e-15   0.031   -1.23
 -6.544 -24.013 1.29e-16 1.15e-16 8.16e-17   0.003    1.34
 -6.127 -27.253 2.43e-15 1.46e-15 8.36e-16   0.003    1.65
 -6.042 -30.393 8.16e-15 4.30e-15 1.97e-15   0.001    2.05
 -6.031 -35.356 3.83e-16 3.31e-16 2.21e-16   0.004    0.97
 -5.774 -33.005 9.84e-15 8.74e-15 6.39e-15   0.019    0.05
 -5.938 -30.196 1.97e-15 1.18e-15 6.84e-16   0.002    2.13
 -5.667 -33.292 2.67e-15 2.18e-15 1.48e-15   0.007    0.89
 -5.956 -29.518 2.92e-17 3.15e-17 2.53e-17   0.003    2.17
 -5.713 -30.076 7.48e-15 3.94e-15 2.03e-15   0.003    2.16
 -5.866 -32.941 2.40e-17 2.55e-17 2.15e-17   0.001    1.75
 -5.473 -31.905 6.82e-14 1.56e-13 2.51e-13   0.002    1.93
 -5.656 -35.919 7.47e-15 6.36e-15 4.25e-15   0.015    0.49
 -5.380 -23.761 5.63e-16 4.45e-16 2.71e-16   0.003    1.36
 -4.992 -34.924 1.01e-13 7.00e-14 4.43e-14   0.021   -0.28
 -5.024 -28.686 9.18e-16 6.34e-16 3.63e-16   0.001    1.92
 -4.891 -30.020 6.38e-15 3.58e-15 1.81e-15   0.001    2.28
 -4.657 -30.726 3.05e-17 3.23e-17 2.68e-17   0.002    2.36
 -4.659 -27.075 4.64e-14 2.29e-14 1.02e-14  -0.000    1.61
 -4.436 -29.985 3.81e-15 2.22e-15 1.21e-15   0.002    2.35
 -4.447 -31.373 5.08e-14 3.67e-14 2.33e-14   0.019   -0.09
 -4.456 -39.537 1.46e-15 8.83e-16 4.97e-16   0.001    1.07
 -4.378 -31.327 4.12e-13 2.31e-13 1.14e-13   0.001    1.93
 -4.303 -29.233 1.88e-16 1.53e-16 1.12e-16   0.002    2.32
 -4.291 -28.466 1.72e-15 1.10e-15 5.88e-16   0.002    2.17
 -3.962 -25.669 1.95e-15 1.20e-15 6.71e-16   0.002    1.38
 -3.986 -29.732 5.94e-13 4.32e-13 2.42e-13   0.001    2.26
 -3.759 -30.179 1.34e-16 1.15e-16 7.75e-17   0.003    2.28
 -3.619 -43.448 1.23e-14 8.00e-15 4.15e-15   0.005    1.14
 -3.638 -30.411 3.50e-17 3.77e-17 3.17e-17   0.002    2.49
 -3.485 -31.598 2.84e-17 3.10e-17 2.40e-17   0.001    1.92
 -3.296 -28.470 2.79e-17 2.95e-17 2.42e-17   0.001    2.07
 -3.204 -29.163 1.13e-17 1.41e-17 1.29e-17  -0.000    2.73
 -3.253 -22.511 3.21e-15 1.94e-15 1.05e-15   0.003    1.11
 -3.226 -27.127 3.40e-17 3.43e-17 2.78e-17   0.004    1.64
 -3.115 -27.759 6.31e-13 4.16e-13 2.45e-13   0.001    1.81
 -3.158 -23.970 1.78e-15 1.12e-15 6.42e-16   0.003    1.19
 -3.107 -28.076 3.22e-13 4.27e-13 3.98e-13   0.003    1.87
 -3.114 -34.646 1.46e-16 1.21e-16 8.29e-17   0.002    1.31
 -3.023 -30.228 1.39e-15 9.14e-16 5.11e-16   0.002    2.24
 -2.886 -28.535 1.20e-17 1.48e-17 1.36e-17   0.003    2.69
 -2.953 -28.385 1.20e-14 6.55e-15 3.33e-15   0.002    2.29
 -2.922 -31.213 3.10e-16 2.46e-16 1.50e-16   0.002    1.93
 -2.972 -44.591 2.87e-12 1.68e-12 8.41e-13   0.046   -1.30
 -2.757 -27.546 4.75e-16 3.51e-16 2.18e-16   0.005    1.75
 -2.754 -30.051 4.55e-17 4.75e-17 3.57e-17   0.003    2.80
 -2.664 -28.915 7.24e-16 4.71e-16 2.89e-16   0.002    2.37
 -2.628 -29.161 3.79e-17 4.04e-17 3.14e-17   0.004    2.87
 -2.615 -30.429 1.76e-15 1.11e-15 6.16e-16   0.001    2.32
 -2.549 -27.047 8.97e-17 8.06e-17 6.29e-17   0.002    1.42
 -2.499 -31.676 4.93e-13 2.93e-13 1.55e-13   0.002    2.02
 -2.462 -26.863 1.85e-17 1.01e-17 4.26e-18   0.002    1.35
 -2.448 -23.304 5.36e-13 3.17e-13 1.52e-13   0.001    1.16
 -2.434 -29.278 4.33e-13 4.58e-13 3.77e-13   0.002    2.82
 -2.261 -26.421 2.13e-14 1.15e-14 5.28e-15   0.001    1.22
 -2.282 -31.374 9.99e-16 6.75e-16 3.84e-16   0.004    1.85
 -2.347 -30.275 1.33e-14 6.84e-15 3.33e-15   0.002    2.02
 -2.154 -35.225 1.04e-15 1.30e-15 1.25e-15   0.020   -0.03
 -2.189 -30.499 3.64e-13 1.85e-13 9.00e-14   0.002    2.30
 -2.157 -30.656 1.04e-15 7.24e-16 4.13e-16   0.001    2.05
 -1.922 -28.692 9.17e-15 5.08e-15 2.46e-15   0.003    2.41
 -2.089 -30.403 5.80e-13 4.40e-13 2.71e-13   0.001    2.69
 -2.038 -29.326 1.22e-15 8.36e-16 4.51e-16   0.001    3.21
 -1.938 -31.375 8.64e-16 6.04e-16 3.43e-16   0.002    1.73
 -1.836 -28.665 3.82e-15 2.15e-15 1.15e-15   0.002    2.68
 -1.997 -29.129 6.26e-13 4.37e-13 2.43e-13   0.003    2.54
 -1.907 -32.317 5.36e-17 5.04e-17 3.82e-17   0.001    1.34
 -1.727 -30.601 1.00e-14 5.63e-15 2.70e-15   0.004    2.15
 -1.914 -27.460 3.07e-15 1.85e-15 9.66e-16   0.001    1.37
 -1.850 -28.676 2.39e-17 2.68e-17 2.33e-17   0.002    2.06
 -1.787 -26.832 3.94e-13 2.05e-13 9.43e-14   0.001    1.24
 -1.846 -28.342 4.89e-13 2.79e-13 1.45e-13   0.003    2.08
 -1.723 -25.307 4.01e-16 2.97e-16 1.94e-16   0.003    1.07
 -1.742 -25.071 6.37e-13 5.62e-13 4.43e-13   0.002    1.11
 -1.728 -29.257 5.87e-15 3.30e-15 1.69e-15   0.003    3.69
 -1.482 -33.828 8.92e-17 8.00e-17 5.38e-17   0.001    1.21
 -1.513 -28.980 1.78e-15 1.14e-15 6.05e-16   0.002    3.76
 -1.585 -30.905 8.52e-15 4.95e-15 2.17e-15   0.000    1.63
 -1.648 -28.574 3.79e-17 3.81e-17 3.17e-17   0.002    1.60
 -1.426 -29.996 1.65e-14 8.53e-15 4.11e-15   0.002    2.19
 -1.459 -29.954 2.13e-15 1.27e-15 7.00e-16   0.002    3.95
 -1.106 -29.100 1.98e-15 1.19e-15 6.68e-16   0.002    2.60
 -1.227 -29.605 1.41e-17 1.62e-17 1.43e-17   0.001    4.26
 -1.183 -29.129 7.01e-15 3.83e-15 1.92e-15   0.002    4.04
 -1.170 -29.162 7.81e-17 7.01e-17 5.11e-17   0.002    5.83
 -1.179 -29.138 2.25e-14 1.16e-14 5.44e-15   0.002    2.74
 -1.045 -28.850 6.04e-13 4.53e-13 3.27e-13   0.001    6.42
 -1.164 -28.204 3.87e-15 2.27e-15 1.18e-15   0.003    0.00
 -0.861 -28.009 1.84e-17 2.14e-17 1.88e-17  -0.001    1.04
 -0.843 -29.084 2.55e-16 2.12e-16 1.33e-16   0.002    8.21
 -0.693 -31.943 2.06e-17 1.01e-17 4.19e-18   0.002    1.38
 -0.919 -27.648 1.46e-15 9.13e-16 5.01e-16   0.003    0.80
 -0.823 -29.244 2.52e-13 1.38e-13 5.94e-14   0.003    2.95
 -0.735 -29.244 2.04e-14 1.02e-14 4.75e-15   0.001   14.08
 -0.738 -30.380 2.80e-15 1.59e-15 8.91e-16   0.003    1.33
 -0.759 -30.103 2.85e-16 2.25e-16 1.45e-16   0.003    2.18
 -0.648 -29.588 2.74e-15 1.65e-15 8.76e-16   0.003    1.39
 -0.756 -34.711 7.46e-17 6.88e-17 4.80e-17   0.001    1.20
 -0.601 -29.161 2.28e-17 2.51e-17 2.13e-17   0.000   -1.44
 -0.498 -28.002 5.24e-17 5.06e-17 3.99e-17   0.001    0.65
 -0.721 -29.075 6.78e-17 5.97e-17 4.77e-17   0.002    0.13
 -0.602 -23.214 9.44e-15 5.32e-15 2.56e-15   0.003    0.99
 -0.674 -28.644 1.08e-17 1.31e-17 1.30e-17   0.002   -2.82
 -0.614 -29.507 2.26e-17 1.18e-17 5.21e-18   0.001    0.62
 -0.652 -28.945 9.93e-17 8.75e-17 6.27e-17   0.000    0.59
 -0.435 -29.368 4.08e-13 2.29e-13 1.11e-13   0.002   -4.11
 -0.627 -28.094 3.23e-15 2.00e-15 1.03e-15   0.002   -1.44
 -0.622 -28.188 5.27e-15 3.06e-15 1.51e-15   0.001   -0.07
 -0.442 -29.116 5.83e-13 3.85e-13 2.32e-13   0.002   -0.24
 -0.289 -29.223 1.17e-16 1.06e-16 7.20e-17   0.001   -2.10
 -0.473 -29.070 1.06e-17 1.35e-17 1.19e-17   0.001   -2.18
 -0.368 -31.373 1.31e-15 9.15e-16 4.97e-16   0.002    1.18
 -0.451 -27.867 3.52e-14 1.73e-14 8.05e-15   0.002   -0.12
 -0.427 -24.688 5.29e-16 3.86e-16 2.44e-16   0.003    0.91
 -0.256 -29.332 2.24e-16 1.77e-16 1.18e-16   0.001   -2.22
 -0.295 -28.689 1.72e-17 2.03e-17 1.80e-17   0.000   -1.26
 -0.324 -30.441 6.72e-17 6.81e-17 4.75e-17   0.002    0.99
 -0.234 -29.658 3.04e-15 1.93e-15 9.98e-16   0.002   -1.06
 -0.113 -34.442 3.92e-16 2.91e-16 1.74e-16   0.002    1.17
 -0.191 -31.602 1.95e-17 2.30e-17 1.83e-17   0.002    1.13
 -0.127 -29.597 1.11e-14 5.76e-15 2.87e-15   0.001    0.78
 -0.214 -30.223 4.96e-13 3.21e-13 1.72e-13   0.002    0.94
