  0.010 -28.657 1.67e-17 1.94e-17 1.73e-17   0.002   -1.24
  0.089 -28.927 8.50e-15 4.75e-15 2.19e-15   0.002   -0.70
  0.159 -30.825 8.29e-16 5.96e-16 3.15e-16   0.000    0.88
  0.187 -29.208 2.76e-17 2.82e-17 2.48e-17   0.002   -1.36
  0.321 -28.465 6.12e-16 4.35e-16 2.45e-16   0.005   -0.76
  0.305 -28.754 2.77e-17 3.03e-17 2.38e-17   0.002   -0.57
  0.308 -30.100 2.00e-17 2.19e-17 1.95e-17   0.003    0.35
  0.607 -36.200 3.18e-15 2.88e-15 1.89e-15   0.008    0.88
  0.601 -24.199 3.05e-15 2.02e-15 9.82e-16   0.001    0.93
  0.581 -34.438 4.04e-15 3.87e-15 2.70e-15   0.013    0.61
  0.626 -32.858 3.19e-15 4.21e-15 4.13e-15   0.042   -1.14
  0.683 -29.744 1.32e-17 1.65e-17 1.46e-17   0.002    0.23
  0.595 -30.982 1.26e-14 6.57e-15 2.92e-15   0.001    0.87
  0.734 -31.942 5.48e-13 4.32e-13 2.47e-13   0.003    0.98
  0.579 -30.864 2.85e-16 2.09e-16 1.39e-16   0.002    0.82
  0.905 -29.451 2.98e-15 1.69e-15 8.44e-16   0.002   -0.20
  1.056 -29.350 6.04e-17 6.14e-17 4.70e-17   0.002   -0.35
  1.022 -30.674 9.89e-17 8.27e-17 6.11e-17  -0.000    0.71
  1.155 -34.243 9.73e-16 6.33e-16 3.60e-16   0.001    1.15
  1.262 -30.515 2.65e-13 1.32e-13 6.05e-14   0.002    0.48
  1.321 -29.197 5.51e-15 3.05e-15 1.65e-15   0.001   -0.59
  1.354 -29.315 7.74e-15 4.62e-15 2.15e-15   0.000   -0.18
  1.395 -35.427 1.55e-14 8.57e-15 3.72e-15   0.003    1.12
  1.481 -26.924 1.78e-15 1.12e-15 6.23e-16   0.001    0.50
  1.593 -25.889 1.12e-15 7.46e-16 4.46e-16   0.001    0.56
  1.587 -41.609 2.09e-13 1.47e-13 8.80e-14   0.034   -1.23
  1.648 -14.742 8.12e-15 4.34e-15 1.94e-15   0.001    1.89
  1.867 -24.190 4.74e-17 4.57e-17 3.73e-17   0.002    0.78
  1.705 -30.926 2.88e-16 2.20e-16 1.39e-16   0.004    0.78
  1.751 -25.745 3.43e-14 1.68e-14 8.09e-15   0.002    0.57
  1.728 -32.004 2.80e-16 2.12e-16 1.35e-16   0.001    0.95
  2.137 -31.195 1.97e-15 2.09e-15 1.69e-15   0.013    0.65
  2.287 -28.757 2.55e-17 2.69e-17 2.17e-17   0.003   -0.09
  2.431 -16.758 2.16e-15 1.17e-15 5.44e-16   0.003    1.87
  2.622 -28.929 2.05e-17 2.33e-17 1.94e-17   0.001   -0.08
  2.928 -30.678 2.40e-17 2.55e-17 2.09e-17   0.001    0.46
  3.462 -29.845 2.06e-14 1.08e-14 4.87e-15   0.003    0.30
  3.517 -29.607 5.40e-15 3.14e-15 1.61e-15   0.004    0.24
  3.480 -16.118 1.46e-17 1.46e-17 1.12e-17   0.001    2.07
  3.503 -27.897 8.41e-17 8.13e-17 5.93e-17   0.002    0.09
  4.031 -27.818 2.40e-15 1.40e-15 8.01e-16   0.001    0.16
  4.024 -34.747 2.02e-13 1.02e-13 4.76e-14   0.003    1.04
  4.244 -26.385 3.67e-16 2.86e-16 1.78e-16   0.003    0.30
  4.317 -23.910 1.71e-16 1.39e-16 9.55e-17   0.004    0.71
  4.336 -27.194 3.17e-15 1.95e-15 9.90e-16   0.001    0.16
  4.607 -31.995 3.71e-14 2.47e-14 1.27e-14   0.007    0.92
  4.485 -24.180 3.02e-16 2.37e-16 1.55e-16   0.001    0.60
  4.900 -26.003 1.20e-14 4.48e-14 1.30e-13  -0.000    0.32
  4.890 -26.533 1.63e-17 1.84e-17 1.71e-17   0.002    0.29
  5.081 -29.322 8.20e-16 5.58e-16 3.28e-16   0.003    0.45
  5.262 -17.083 8.69e-16 5.02e-16 2.66e-16   0.001    2.26
  5.377 -30.594 8.05e-14 1.67e-13 2.29e-13   0.003    0.73
  5.551 -27.844 1.20e-16 1.09e-16 7.24e-17   0.002    0.27
  5.830 -14.735 1.69e-16 1.21e-16 7.14e-17   0.000    2.09
  6.085 -13.674 2.82e-15 1.59e-15 8.55e-16   0.001    2.06
  6.369 -31.317 4.34e-16 5.50e-16 4.88e-16   0.012    0.84
  6.393 -19.527 2.43e-17 1.22e-17 5.17e-18   0.002    0.88
  6.474 -18.256 1.51e-13 1.34e-13 8.88e-14   0.001    2.42
  6.619 -25.652 8.18e-16 5.50e-16 3.33e-16   0.001    0.42
  6.597 -26.553 1.01e-16 9.39e-17 6.73e-17   0.002    0.41
  6.810 -18.077 6.06e-16 4.06e-16 2.06e-16   0.001    2.55
  6.834 -14.989 2.92e-17 2.58e-17 1.82e-17  -0.000    2.10
  6.775 -20.470 1.33e-15 8.05e-16 4.06e-16   0.000    1.52
  7.023 -35.465 2.83e-15 3.72e-15 3.63e-15   0.037   -0.93
  7.014 -33.675 8.51e-16 5.81e-16 3.29e-16   0.001    0.98
  7.175 -19.028 1.49e-16 1.03e-16 6.53e-17   0.001    1.96
  7.169 -17.875 2.55e-15 1.43e-15 6.50e-16   0.002    2.80
  7.077 -18.592 1.55e-16 1.06e-16 6.49e-17   0.002    2.48
  7.131 -27.500 1.69e-15 1.10e-15 5.88e-16   0.001    0.46
  7.254 -17.762 3.52e-15 1.86e-15 8.97e-16   0.001    2.78
  7.188 -17.249 1.94e-15 1.07e-15 5.48e-16  -0.001    2.60
  7.204 -19.047 1.95e-17 1.90e-17 1.37e-17   0.002    2.47
  7.356 -17.714 1.22e-13 1.32e-13 1.09e-13   0.002    2.83
  7.411 -18.308 7.33e-16 4.63e-16 2.56e-16   0.003    2.81
  7.450 -18.962 1.39e-15 7.57e-16 4.01e-16   0.000    2.17
  7.461 -21.067 1.59e-17 1.51e-17 1.17e-17  -0.001    1.31
  7.575 -19.602 6.64e-15 3.34e-15 1.50e-15   0.003    1.75
  7.504 -31.350 8.60e-16 5.54e-16 3.27e-16   0.002    0.90
  7.431 -20.380 2.96e-16 1.96e-16 1.12e-16   0.001    1.45
  7.666 -20.331 5.41e-17 4.68e-17 3.16e-17  -0.000    1.50
  7.622 -18.806 1.15e-15 6.60e-16 3.29e-16   0.002    2.92
  7.847 -19.247 6.13e-15 3.25e-15 1.40e-15   0.002    1.95
  7.840 -18.312 4.04e-15 2.19e-15 1.11e-15  -0.000    3.12
  7.771 -19.799 7.07e-15 3.64e-15 1.71e-15   0.002    1.63
  7.854 -18.322 3.28e-15 1.78e-15 8.85e-16   0.000    3.12
  7.993 -17.450 3.00e-17 2.64e-17 1.97e-17  -0.001    2.58
  7.873 -19.116 1.05e-17 1.06e-17 8.70e-18   0.002    2.48
  7.858 -19.243 1.45e-13 1.30e-13 8.58e-14   0.000    1.77
  7.934 -16.269 2.28e-17 2.13e-17 1.62e-17   0.002    1.92
  8.226 -18.532 1.50e-17 1.51e-17 1.23e-17   0.002    3.29
  8.138 -18.391 3.98e-15 2.23e-15 1.00e-15   0.000    3.29
  8.149 -20.111 1.15e-16 8.48e-17 5.35e-17   0.001    1.39
  8.219 -19.407 4.34e-17 3.74e-17 2.54e-17   0.002    1.78
  8.088 -19.231 7.12e-16 4.49e-16 2.34e-16   0.001    2.34
  8.112 -19.555 1.91e-15 1.07e-15 5.44e-16   0.002    1.72
  8.262 -19.701 1.49e-17 1.51e-17 1.17e-17   0.002    1.54
  8.321 -18.934 2.57e-17 2.33e-17 1.72e-17  -0.000    2.77
  8.452 -17.654 3.34e-16 2.30e-16 1.34e-16   0.000    2.35
  8.392 -26.057 3.08e-15 1.85e-15 1.07e-15   0.001    0.55
  8.496 -18.876 5.99e-16 3.61e-16 1.84e-16   0.001    4.13
  8.432 -18.877 1.10e-14 5.41e-15 2.37e-15   0.000    3.79
  8.505 -19.768 1.10e-17 1.10e-17 8.34e-18  -0.000    1.41
  8.357 -19.487 4.93e-16 3.05e-16 1.83e-16   0.001    1.51
  8.362 -18.775 2.24e-17 2.01e-17 1.52e-17   0.002    3.38
  8.464 -18.524 5.74e-16 3.58e-16 2.09e-16   0.001    2.97
  8.618 -19.370 7.62e-17 6.25e-17 4.05e-17  -0.000    1.84
  8.566 -18.800 9.03e-16 5.65e-16 2.81e-16   0.002    4.09
  8.467 -21.991 6.07e-15 2.96e-15 1.45e-15  -0.001    1.10
  8.559 -18.932 6.94e-15 3.62e-15 1.59e-15   0.001    4.49
  8.574 -19.901 1.66e-17 1.73e-17 1.25e-17   0.001    0.38
  8.565 -18.765 1.21e-15 7.22e-16 3.89e-16   0.002    3.93
  8.724 -19.492 1.21e-17 1.13e-17 8.91e-18   0.002   10.97
  8.723 -19.443 6.77e-16 4.21e-16 2.17e-16   0.002    1.90
  8.772 -18.823 2.47e-17 2.36e-17 1.62e-17   0.001    4.47
  8.658 -18.249 4.21e-17 3.81e-17 2.37e-17  -0.001    2.07
  8.745 -19.325 4.23e-15 2.17e-15 1.10e-15   0.002    6.97
  8.761 -18.948 6.57e-15 3.59e-15 1.62e-15   0.002    1.93
  8.796 -19.310 1.36e-13 1.28e-13 9.70e-14   0.002    1.66
  8.684 -17.465 1.76e-16 1.28e-16 7.73e-17   0.001    1.97
  8.933 -19.381 7.53e-15 3.75e-15 1.73e-15  -0.001    0.90
  8.824 -19.317 1.19e-17 1.23e-17 9.25e-18   0.002    1.54
  8.804 -18.901 1.40e-15 8.41e-16 4.13e-16   0.000    5.60
  8.924 -17.365 1.74e-15 1.09e-15 5.26e-16   0.002    1.95
  9.001 -19.112 2.97e-15 1.68e-15 8.01e-16   0.002    1.32
  8.959 -18.942 2.79e-17 2.62e-17 1.81e-17   0.002    3.85
  8.891 -19.060 1.26e-16 9.53e-17 6.20e-17   0.003    4.93
  8.923 -19.092 2.18e-15 1.22e-15 6.14e-16   0.001    8.04
  8.985 -18.983 2.24e-15 1.20e-15 5.88e-16   0.001    1.80
  9.015 -19.146 6.24e-17 4.92e-17 3.35e-17   0.000    5.54
  8.944 -24.780 4.33e-13 2.35e-13 1.23e-13   0.002    0.55
  8.960 -20.535 2.65e-16 1.79e-16 1.05e-16   0.002    0.26
  8.889 -19.170 2.84e-16 1.96e-16 1.11e-16   0.001    1.56
  9.123 -17.773 2.93e-16 1.97e-16 1.15e-16   0.002    1.97
  8.915 -18.992 1.96e-16 1.45e-16 8.15e-17   0.001    2.22
  8.917 -18.873 2.60e-17 2.42e-17 1.66e-17   0.001    3.72
  8.995 -19.394 1.39e-16 9.94e-17 5.95e-17  -0.000    0.41
  9.030 -18.144 1.10e-15 6.01e-16 3.29e-16   0.000    2.69
  9.111 -19.042 5.92e-17 4.59e-17 3.35e-17   0.003   -0.48
  9.047 -19.320 1.10e-15 6.70e-16 3.44e-16   0.000   -1.81
  8.997 -18.738 6.22e-15 3.11e-15 1.55e-15   0.001    2.20
  9.086 -19.205 1.21e-15 7.49e-16 3.78e-16  -0.000    0.79
  8.991 -19.078 2.37e-17 2.15e-17 1.63e-17   0.001   -0.08
  9.059 -19.112 1.54e-17 1.57e-17 1.19e-17   0.001  -13.40
  9.069 -19.143 6.12e-16 3.62e-16 2.16e-16   0.002    0.64
  8.963 -19.324 1.43e-17 1.44e-17 1.15e-17   0.001    0.27
  9.069 -19.141 1.10e-16 8.13e-17 5.26e-17   0.001   -2.46
  8.951 -19.525 1.22e-15 7.19e-16 3.69e-16   0.001   -1.21
  9.037 -19.209 5.65e-17 4.48e-17 3.28e-17   0.002   -0.76
  9.102 -18.327 1.42e-17 1.42e-17 1.03e-17   0.002    2.18
  9.005 -18.603 2.12e-15 1.21e-15 6.08e-16  -0.000    1.77
  9.121 -19.622 1.16e-16 8.94e-17 5.67e-17   0.001   -0.07
  9.225 -21.245 4.03e-17 3.54e-17 2.52e-17   0.000    1.02
  9.136 -20.095 5.41e-16 3.40e-16 1.93e-16   0.001    0.51
  9.108 -18.008 1.12e-16 8.33e-17 5.39e-17   0.001    2.09
  9.193 -19.020 8.05e-15 4.34e-15 1.93e-15   0.001   -3.84
  9.105 -18.134 5.07e-16 3.31e-16 1.75e-16   0.000    1.88
  9.185 -19.028 1.10e-15 6.98e-16 3.54e-16   0.001   -3.43
  9.109 -19.474 7.60e-17 5.90e-17 4.01e-17  -0.000   -1.28
  9.248 -18.711 1.01e-15 6.23e-16 3.29e-16   0.001    1.37
  9.217 -18.372 1.02e-17 1.06e-17 8.17e-18   0.001    3.08
  9.175 -19.498 2.65e-16 1.72e-16 1.10e-16   0.002   -0.32
  9.194 -19.622 1.06e-16 7.76e-17 4.84e-17  -0.000   -1.14
  9.292 -19.584 1.69e-16 1.18e-16 6.87e-17   0.001    0.05
  9.431 -19.304 1.10e-16 8.43e-17 5.24e-17   0.001   -0.82
  9.558 -18.464 2.22e-15 1.25e-15 6.40e-16  -0.001    1.65
  9.290 -19.824 1.01e-16 7.86e-17 4.51e-17  -0.000    0.18
  9.418 -19.534 6.15e-16 3.61e-16 1.94e-16   0.002   -1.41
  9.473 -22.010 9.30e-15 4.79e-15 2.20e-15   0.001    1.01
  9.497 -18.743 4.97e-16 3.11e-16 1.73e-16   0.003   -4.94
  9.528 -19.181 2.64e-15 1.42e-15 6.96e-16   0.000   -0.26
  9.455 -18.511 1.05e-14 5.14e-15 2.32e-15   0.002    1.32
  9.576 -18.835 1.03e-15 5.69e-16 3.11e-16   0.001    1.17
  9.532 -18.782 4.73e-16 3.14e-16 1.70e-16   0.000    1.15
  9.758 -19.241 1.91e-17 1.97e-17 1.40e-17   0.000   -1.04
  9.572 -19.425 5.18e-17 4.69e-17 2.86e-17   0.001   -1.13
  9.548 -18.486 2.71e-16 1.98e-16 1.11e-16  -0.000    1.05
  9.456 -19.743 2.14e-16 1.43e-16 8.81e-17   0.001   -0.85
  9.601 -19.241 1.35e-15 7.45e-16 3.85e-16   0.001    0.38
  9.765 -19.821 9.19e-15 4.61e-15 2.14e-15  -0.000   -0.68
  9.728 -20.348 4.94e-17 4.06e-17 2.74e-17   0.001    0.40
  9.782 -18.639 2.92e-17 2.81e-17 1.96e-17   0.002    1.07
  9.788 -19.184 7.40e-16 4.79e-16 2.63e-16   0.002    0.16
  9.669 -19.539 2.95e-17 2.58e-17 1.86e-17  -0.000   -0.66
  9.671 -19.722 4.07e-17 3.56e-17 2.40e-17  -0.001   -0.67
  9.818 -21.936 2.69e-15 1.50e-15 7.41e-16   0.002    0.92
  9.951 -19.345 5.23e-15 2.59e-15 1.21e-15   0.001   -0.02
  9.971 -20.292 8.98e-17 7.16e-17 4.38e-17   0.001    0.06
  9.842 -18.884 8.18e-16 4.74e-16 2.79e-16   0.002    0.58
  9.860 -19.832 1.87e-17 1.70e-17 1.25e-17   0.000   -0.47
  9.954 -19.713 3.86e-17 3.23e-17 2.31e-17   0.002   -0.48
  9.921 -19.890 1.75e-17 1.74e-17 1.30e-17   0.001   -0.21
 10.121 -18.458 1.45e-15 8.48e-16 3.99e-16   0.002    1.27
 10.142 -20.164 6.66e-17 5.23e-17 3.42e-17   0.001   -0.13
 10.138 -18.657 1.34e-13 7.77e-14 3.82e-14   0.002    0.88
  9.997 -20.137 1.71e-17 1.63e-17 1.31e-17   0.002   -0.25
 10.218 -37.236 2.08e-16 1.63e-16 1.05e-16   0.001    1.08
 10.179 -30.299 6.63e-16 7.17e-16 5.65e-16   0.008    1.09
 10.065 -23.677 2.64e-16 1.74e-16 9.96e-17   0.001    1.06
 10.314 -18.730 3.83e-15 2.06e-15 9.74e-16   0.003    0.73
 10.204 -26.146 1.25e-17 5.95e-18 2.77e-18   0.002    0.61
 10.272 -19.335 1.00e-15 6.06e-16 3.01e-16   0.001    0.16
 10.405 -18.851 1.14e-15 6.62e-16 3.49e-16  -0.000    0.68
 10.476 -18.810 1.93e-16 1.42e-16 7.83e-17   0.001    0.92
 10.445 -14.514 1.08e-16 8.24e-17 5.42e-17   0.000    1.68
 10.496 -19.868 1.24e-16 9.30e-17 5.30e-17   0.004   -0.13
 10.640 -22.685 9.78e-17 7.25e-17 4.35e-17   0.002    0.86
 10.599 -19.584 8.65e-16 5.57e-16 2.69e-16   0.002    0.13
 10.584 -22.446 9.56e-17 7.62e-17 4.70e-17   0.004    0.77
 10.600  -6.960 1.68e-15 9.67e-16 4.87e-16  -0.000    1.74
 10.862 -23.424 3.36e-15 2.07e-15 1.08e-15   0.002    0.77
 11.050 -16.054 2.91e-15 1.52e-15 7.50e-16   0.000    1.57
 11.052 -19.300 1.52e-16 1.26e-16 1.02e-16   0.002    0.85
 11.132 -20.513 1.39e-16 1.05e-16 6.22e-17   0.001    0.10
 11.210 -23.125 2.41e-15 1.52e-15 8.33e-16   0.002    0.71
 11.206 -19.850 1.80e-15 1.01e-15 4.99e-16   0.000    0.54
 11.046 -21.900 5.37e-15 2.84e-15 1.35e-15  -0.000    0.49
 11.301 -19.925 6.22e-16 3.99e-16 2.17e-16   0.001    0.39
 11.268 -20.076 1.73e-17 1.72e-17 1.28e-17   0.004    0.35
 11.320 -20.484 7.47e-15 2.36e-14 4.92e-14   0.000    0.21
 11.225 -19.906 7.79e-17 6.11e-17 3.92e-17   0.001    0.28
 11.341 -19.428 2.09e-15 1.18e-15 5.64e-16   0.002    0.66
 11.425 -21.051 2.38e-17 2.15e-17 1.57e-17   0.002    0.26
 11.426 -21.861 9.37e-17 6.79e-17 4.27e-17   0.003    0.42
 11.381 -18.936 9.26e-15 4.75e-15 2.03e-15   0.001    0.64
 11.527 -19.651 3.38e-16 2.26e-16 1.25e-16   0.001    0.79
 11.515 -18.598 1.94e-17 2.03e-17 1.44e-17   0.001    0.98
 11.674 -17.490 1.40e-15 7.68e-16 4.11e-16   0.001    1.35
 11.768 -19.460 5.92e-15 2.99e-15 1.43e-15   0.001    0.70
 11.747 -24.171 7.85e-15 4.08e-15 1.80e-15   0.000    0.97
 11.740 -20.597 6.53e-16 4.40e-16 2.30e-16   0.003    0.34
 11.819 -20.049 8.53e-16 5.20e-16 2.67e-16   0.002    0.56
 11.910 -22.686 2.35e-17 2.11e-17 1.53e-17  -0.001    0.61
 12.078 -25.969 3.82e-13 1.88e-13 8.56e-14   0.006    1.28
 12.108 -23.722 1.64e-17 1.48e-17 1.15e-17   0.000    0.75
 12.119 -20.332 1.35e-16 9.83e-17 6.27e-17   0.001    0.50
 12.285 -20.365 3.14e-15 1.70e-15 8.56e-16   0.000    0.49
 12.269  -6.802 3.47e-16 2.40e-16 1.39e-16   0.001    1.83
 12.778 -20.326 7.95e-15 4.07e-15 1.87e-15   0.001    0.68
 12.774 -20.701 3.08e-17 2.47e-17 1.89e-17   0.002    0.54
 12.670 -22.496 5.94e-17 4.71e-17 3.34e-17   0.002    0.54
 12.795  -7.611 3.79e-15 2.08e-15 1.01e-15   0.001    1.93
 12.767 -31.846 1.86e-17 1.97e-17 1.55e-17   0.002    1.00
 12.819 -33.441 9.03e-12 4.64e-12 2.34e-12   0.056   -0.78
 12.946  -5.366 7.31e-16 4.49e-16 2.44e-16   0.001    1.76
 13.098  -5.573 2.87e-17 2.70e-17 1.90e-17   0.001    1.85
 13.083 -21.621 4.70e-16 2.94e-16 1.66e-16   0.002    0.50
 13.197 -40.399 1.73e-14 1.69e-14 1.41e-14   0.041   -0.92
 13.321 -21.064 1.08e-15 7.24e-16 4.59e-16   0.001    0.87
 13.156  -8.183 2.78e-16 2.03e-16 1.13e-16   0.001    1.98
 13.390 -23.023 7.74e-17 6.18e-17 3.74e-17   0.000    0.65
 13.369 -20.306 3.60e-16 2.16e-16 1.34e-16  -0.000    0.73
 13.789  -8.397 6.09e-17 5.02e-17 3.41e-17  -0.000    2.06
 13.697  -7.432 1.78e-17 1.69e-17 1.35e-17   0.002    2.06
 13.913  -3.042 3.14e-17 2.80e-17 2.12e-17  -0.000    1.53
 13.946 -11.529 1.10e-15 6.18e-16 3.34e-16   0.002    1.99
 14.192  -0.085 1.23e-17 1.32e-17 1.08e-17  -0.000    1.41
 14.054 -31.376 4.29e-12 2.44e-12 1.14e-12   0.037   -0.60
 14.159  -8.052 4.62e-15 2.53e-15 1.13e-15   0.000    2.08
 14.267 -24.086 6.03e-15 3.24e-15 1.45e-15   0.001    0.72
 14.324  -3.425 1.43e-16 1.10e-16 6.37e-17   0.000    1.58
 14.312  -8.843 2.02e-15 1.15e-15 5.76e-16   0.000    2.05
 14.564  -3.606 1.53e-13 1.67e-13 1.37e-13   0.001    1.50
 14.441  -8.551 1.19e-16 8.23e-17 6.00e-17   0.000    2.07
 14.343  -5.797 3.26e-15 1.79e-15 8.77e-16   0.002    1.87
 14.545 -40.141 1.31e-12 6.16e-13 3.11e-13   0.020    0.25
 14.699  -6.908 8.88e-16 5.89e-16 3.25e-16   0.002    2.12
 14.725  -6.628 6.13e-16 3.90e-16 2.14e-16   0.000    2.02
 14.733  -5.597 5.55e-17 4.92e-17 3.23e-17  -0.001    1.83
 14.775  -5.584 1.99e-13 1.53e-13 1.02e-13   0.002    1.87
 14.672  -6.200 7.50e-17 6.01e-17 3.76e-17  -0.000    1.97
 14.880 -20.934 1.76e-16 1.29e-16 7.39e-17   0.001    0.87
 14.913  -5.028 1.78e-15 1.08e-15 5.34e-16   0.001    1.68
 14.774 -20.433 3.69e-16 2.33e-16 1.37e-16   0.001    0.79
 15.055  -6.900 2.97e-17 2.66e-17 1.90e-17   0.002    2.20
 15.121  -9.425 7.39e-16 5.03e-16 2.46e-16   0.004    2.04
 15.064  -8.598 1.89e-13 1.29e-13 7.13e-14  -0.000    2.13
 15.194  -6.543 1.68e-17 1.60e-17 1.32e-17   0.001    2.12
 15.268  -6.076 1.21e-14 5.51e-15 2.70e-15   0.001    1.97
 15.325  -5.249 1.29e-14 6.52e-15 2.78e-15   0.001    1.74
 15.411 -10.636 2.04e-13 1.51e-13 8.88e-14  -0.002    1.98
 15.492  -7.882 6.46e-16 4.23e-16 2.27e-16  -0.001    2.24
 15.398  -4.217 1.37e-15 8.58e-16 4.53e-16   0.002    1.56
 15.347  -4.324 2.74e-15 1.59e-15 7.71e-16   0.002    1.42
 15.349  -3.111 1.53e-17 1.57e-17 1.29e-17  -0.002    1.35
 15.503  -4.549 2.30e-16 1.78e-16 9.60e-17   0.001    1.52
 15.545 -21.687 1.64e-13 1.51e-13 1.13e-13   0.000    0.84
 15.621  -7.192 5.66e-17 4.67e-17 3.17e-17   0.002    2.30
 15.726  -9.587 1.65e-15 9.65e-16 4.76e-16  -0.000    2.10
 15.682  -3.883 2.95e-16 1.86e-16 1.16e-16  -0.001    1.39
 15.843  -5.691 5.51e-16 3.48e-16 1.95e-16   0.000    1.89
 15.692  -5.713 1.98e-16 1.42e-16 8.54e-17   0.002    1.98
 15.787  -0.646 1.45e-13 8.05e-14 4.10e-14   0.002    1.30
 15.820  -8.345 9.52e-15 4.85e-15 2.07e-15   0.001    2.25
 15.797  -3.481 1.00e-15 6.16e-16 3.19e-16   0.003    1.37
 15.815  -6.219 1.61e-16 1.24e-16 7.45e-17   0.001    2.16
 15.785  -5.548 1.35e-14 6.68e-15 3.01e-15  -0.000    1.68
 15.927  -5.523 6.61e-15 3.43e-15 1.48e-15   0.000    1.78
 15.905  -7.437 2.84e-15 1.60e-15 7.34e-16  -0.001    2.32
 15.933 -21.564 6.46e-13 4.44e-13 2.52e-13   0.049   -0.46
 15.870  -5.048 1.29e-15 7.94e-16 4.17e-16   0.002    1.51
 15.959  -3.358 3.41e-17 2.97e-17 2.07e-17   0.000    1.34
 15.886  -4.776 3.35e-14 6.74e-14 9.90e-14   0.002    1.47
 16.010  -6.912 2.57e-16 1.67e-16 9.97e-17   0.002    2.50
 16.132  -5.104 4.54e-17 3.91e-17 2.93e-17   0.001    1.51
 16.110  -7.234 1.85e-17 1.81e-17 1.29e-17   0.001    2.46
 15.979  -7.116 3.46e-16 2.34e-16 1.39e-16   0.001    2.48
 16.134  -6.655 5.67e-16 3.48e-16 1.96e-16   0.002    2.57
 16.247  -7.289 4.91e-17 4.17e-17 3.06e-17   0.002    2.42
 16.077  -6.134 1.23e-17 1.30e-17 1.00e-17   0.002    2.31
 16.233  -5.823 1.06e-17 1.09e-17 9.23e-18  -0.000    1.78
 16.265  -6.238 3.98e-16 2.56e-16 1.46e-16   0.002    2.33
 16.264  -4.183 6.97e-15 3.65e-15 1.67e-15   0.000    1.34
 16.243  -5.729 1.67e-17 1.70e-17 1.24e-17   0.001    1.59
 16.291  -6.213 2.52e-15 1.47e-15 7.09e-16   0.000    2.49
 16.205  -7.670 2.13e-15 1.20e-15 5.90e-16   0.001    2.33
 16.279  -7.206 1.86e-16 1.39e-16 8.25e-17  -0.001    2.42
 16.232 -38.809 1.73e-14 1.64e-14 1.23e-14   0.031   -0.51
 16.305  -2.559 6.43e-15 3.59e-15 1.71e-15   0.001    1.26
 16.329  -6.447 4.50e-15 2.46e-15 1.24e-15   0.000    2.67
 16.339  -6.669 3.24e-15 1.78e-15 8.46e-16   0.001    2.70
 16.482  -5.414 8.64e-15 4.36e-15 2.06e-15   0.001    1.52
 16.555  -6.032 2.09e-15 1.08e-15 5.54e-16   0.000    2.35
 16.505  -5.854 1.25e-14 6.39e-15 2.83e-15   0.001    2.06
 16.414  -4.153 2.72e-17 2.48e-17 1.82e-17   0.001    1.26
 16.379  -5.870 1.62e-15 9.11e-16 4.91e-16  -0.001    1.90
 16.391  -6.106 3.85e-16 2.65e-16 1.44e-16   0.001    2.46
 16.566  -7.484 1.45e-17 1.40e-17 1.10e-17   0.001    2.34
 16.514  -7.176 1.25e-16 9.42e-17 5.81e-17   0.004    2.53
 16.568  -5.925 8.62e-15 4.22e-15 2.05e-15   0.002    2.20
 16.666  -4.609 1.75e-17 1.77e-17 1.34e-17  -0.000    1.13
 16.565  -4.883 1.36e-14 6.57e-15 2.96e-15   0.003    1.12
 16.618  -5.929 5.34e-16 3.51e-16 1.88e-16   0.001    1.99
 16.697  -7.337 6.93e-17 5.67e-17 3.81e-17  -0.000    2.47
 16.651  -6.916 8.88e-17 7.22e-17 4.81e-17   0.002    2.68
 16.692  -6.573 7.33e-14 1.11e-13 1.22e-13  -0.000    2.81
 16.603  -0.449 3.16e-16 2.20e-16 1.32e-16   0.003    1.32
 16.748  -7.179 5.95e-15 3.14e-15 1.46e-15   0.000    2.49
 16.651  -6.060 5.47e-15 2.86e-15 1.22e-15   0.002    2.73
 16.534  -6.335 3.69e-17 3.49e-17 2.39e-17   0.000    2.89
 16.775  -6.234 2.42e-15 1.33e-15 6.46e-16   0.003    2.88
 16.653  -5.815 5.72e-15 3.02e-15 1.38e-15   0.002    1.72
 16.734  -6.452 2.84e-15 1.61e-15 7.93e-16   0.001    3.09
 16.744  -6.675 1.34e-14 6.56e-15 2.85e-15  -0.000    2.88
 16.587  -6.163 1.75e-16 1.18e-16 7.37e-17   0.001    3.35
 16.669  -6.063 3.58e-17 3.25e-17 2.36e-17   0.002    2.64
 16.825  -6.479 2.12e-15 1.17e-15 5.94e-16   0.002    2.77
 16.752  -9.587 3.28e-16 2.19e-16 1.24e-16   0.001    2.01
 16.932  -5.480 1.81e-17 1.87e-17 1.37e-17   0.000    1.02
 16.763  -6.080 1.24e-17 1.29e-17 1.04e-17   0.001    2.45
 16.807  -6.985 7.77e-14 1.15e-13 1.13e-13   0.002    2.54
 16.886  -6.094 8.08e-16 5.48e-16 2.80e-16   0.001    2.27
 16.877  -5.422 9.99e-14 5.44e-14 2.62e-14   0.001    0.99
 16.678  -5.727 1.25e-16 9.02e-17 6.02e-17   0.002    0.93
 16.795  -3.939 5.39e-15 2.71e-15 1.31e-15   0.002    1.11
 16.899  -7.538 2.09e-16 1.47e-16 9.13e-17  -0.000    2.42
 16.979  -5.813 1.71e-13 1.06e-13 5.55e-14   0.001    1.25
 16.802  -6.551 9.63e-16 5.78e-16 2.82e-16   0.002    3.15
 16.888  -7.460 1.22e-16 9.26e-17 5.88e-17   0.001    2.35
 16.931  -6.361 2.09e-17 2.04e-17 1.58e-17   0.000    3.49
 16.994  -6.468 4.51e-15 2.60e-15 1.26e-15   0.001    3.51
 17.074  -6.149 1.75e-13 1.03e-13 5.10e-14   0.002    0.75
 16.913  -6.309 5.45e-15 2.85e-15 1.34e-15   0.001    3.82
 17.042  -8.599 7.05e-16 4.36e-16 2.37e-16   0.001    2.02
 16.860  -6.299 7.47e-15 4.14e-15 1.78e-15   0.002    2.60
 17.022  -7.151 3.03e-17 2.98e-17 1.90e-17   0.001    2.28
 17.057  -6.190 1.11e-15 6.83e-16 3.53e-16   0.002    1.83
 17.019 -27.647 2.62e-13 1.55e-13 7.23e-14   0.009    1.00
 17.122  -6.118 2.39e-17 2.14e-17 1.64e-17   0.003   10.87
 16.974  -5.815 2.42e-15 1.36e-15 6.95e-16   0.003   -0.12
 16.916  -7.367 1.07e-15 6.67e-16 3.24e-16   0.000    2.28
 16.979  -5.395 1.58e-15 8.61e-16 4.66e-16   0.001    0.85
 17.058  -6.719 5.55e-17 4.65e-17 3.24e-17   0.001    2.57
 17.155  -6.874 7.85e-16 5.21e-16 2.79e-16   0.002    2.51
 17.058  -6.312 5.40e-15 2.80e-15 1.30e-15  -0.001   -3.45
 17.103  -6.588 1.23e-14 6.31e-15 2.80e-15   0.001    2.42
 17.095  -6.126 8.10e-16 4.72e-16 2.59e-16   0.001   -7.70
 17.153  -6.418 1.20e-17 1.25e-17 9.73e-18   0.002    2.56
 17.183  -6.385 1.55e-15 8.72e-16 4.40e-16   0.002    2.06
 17.205  -5.973 9.93e-16 6.03e-16 3.16e-16   0.002   -0.66
 17.171  -5.939 3.13e-15 1.76e-15 9.01e-16   0.001   -0.15
 17.255  -6.454 1.46e-15 9.18e-16 4.21e-16   0.002    2.44
 17.138  -5.896 8.43e-16 5.27e-16 2.75e-16   0.001   -0.08
 17.217  -5.632 1.19e-17 1.18e-17 9.17e-18   0.002    0.27
 17.256  -6.074 6.52e-15 3.12e-15 1.61e-15   0.001   -0.30
 17.329  -6.208 4.10e-16 2.72e-16 1.52e-16   0.000    0.53
 17.136  -7.136 1.28e-16 9.81e-17 6.23e-17   0.001    2.24
 17.234  -5.816 9.11e-17 7.02e-17 4.60e-17   0.002    0.10
 17.288  -6.675 4.01e-16 2.54e-16 1.45e-16  -0.001    2.07
 17.315  -6.141 3.27e-15 1.76e-15 8.35e-16   0.002    0.95
 17.328  -6.145 1.59e-15 9.13e-16 4.76e-16  -0.000    0.37
 17.353  -6.478 8.31e-17 6.95e-17 4.50e-17   0.001    1.72
 17.319  -5.676 1.00e-17 1.05e-17 8.67e-18  -0.000    0.28
 17.367  -6.550 4.11e-17 3.60e-17 2.43e-17   0.001    1.69
 17.417  -5.900 7.09e-16 4.22e-16 2.29e-16   0.002   -0.01
 17.354  -6.058 7.37e-16 4.90e-16 2.43e-16   0.003    0.68
 17.268  -7.630 1.28e-16 9.71e-17 6.46e-17   0.002    2.12
 17.515  -7.076 2.76e-17 2.55e-17 1.84e-17  -0.001    1.97
 17.364  -5.346 8.60e-16 5.14e-16 2.91e-16   0.000    0.56
 17.478  -5.362 1.75e-16 1.30e-16 7.45e-17   0.002    0.50
 17.501  -7.482 1.81e-17 1.71e-17 1.36e-17  -0.000    2.00
 17.415  -5.429 1.71e-16 1.24e-16 7.35e-17   0.001    0.52
 17.607  -6.510 2.84e-16 2.01e-16 1.10e-16   0.001    1.51
 17.475  -5.738 3.84e-14 7.34e-14 1.01e-13   0.001    0.32
 17.448  -5.126 5.29e-16 3.37e-16 1.90e-16   0.002    0.71
 17.630  -6.549 4.05e-17 3.48e-17 2.56e-17   0.002    1.27
 17.524 -11.202 1.82e-13 1.40e-13 1.00e-13   0.000    1.88
 17.597  -8.023 7.21e-15 3.67e-15 1.66e-15   0.001    1.96
 17.647  -6.695 1.61e-13 1.70e-13 1.34e-13   0.001    1.59
 17.759  -9.902 6.37e-15 3.23e-15 1.60e-15   0.002    1.89
 17.670  -5.068 2.75e-17 2.42e-17 1.84e-17   0.000    0.68
 17.695  -4.952 2.24e-16 1.62e-16 9.17e-17   0.002    0.72
 17.633  -4.940 2.46e-16 1.76e-16 1.04e-16   0.002    0.80
 17.739  -4.705 1.43e-15 9.14e-16 4.30e-16   0.002    0.79
 17.687  -7.260 6.80e-16 4.12e-16 2.20e-16   0.000    1.78
 17.713  -5.976 1.04e-14 5.13e-15 2.35e-15   0.004    0.74
 17.797  -5.579 1.21e-14 6.28e-15 2.76e-15   0.000    0.54
 17.822  -7.839 4.53e-17 3.90e-17 2.64e-17   0.002    1.94
 17.705  -4.012 1.12e-16 9.27e-17 5.85e-17   0.001    1.01
 17.818 -10.242 1.56e-16 1.04e-16 6.70e-17   0.001    1.88
 17.808  -4.175 5.85e-17 5.11e-17 3.52e-17   0.001    0.90
 17.759  -6.162 8.15e-16 5.18e-16 2.64e-16   0.001    1.04
 17.833  -4.251 3.99e-16 2.69e-16 1.52e-16   0.002    0.98
 17.651  -6.040 3.55e-17 3.09e-17 2.10e-17  -0.000    0.72
 17.779  -4.599 3.47e-16 2.24e-16 1.23e-16   0.000    0.82
 18.016  -7.416 3.03e-15 1.67e-15 7.95e-16   0.002    1.77
 18.033  -4.512 5.02e-16 2.99e-16 1.86e-16  -0.001    0.90
 18.003  -1.178 1.84e-15 1.06e-15 4.93e-16   0.001    1.22
 18.182  -4.345 8.41e-17 7.02e-17 4.74e-17  -0.001    0.92
 18.015  -5.874 1.91e-17 1.88e-17 1.42e-17   0.002    0.82
 18.151  -4.678 3.80e-15 2.20e-15 9.83e-16   0.000    0.86
 18.103  -7.316 1.57e-17 1.59e-17 1.21e-17   0.001    1.70
 18.182  -8.312 1.33e-17 1.42e-17 1.06e-17   0.001    1.83
 18.275  -4.285 1.70e-17 1.70e-17 1.28e-17   0.001    0.87
 18.206  -6.369 7.14e-17 5.81e-17 3.82e-17   0.000    1.27
 18.208  -4.990 1.27e-17 1.33e-17 1.04e-17   0.002    0.83
 18.309  -4.816 1.31e-15 7.71e-16 3.96e-16   0.002    0.91
 18.367  -6.069 8.30e-17 6.69e-17 4.44e-17   0.000    0.84
 18.364  -3.304 9.28e-15 4.84e-15 2.29e-15   0.001    1.07
 18.508  -4.514 1.04e-17 1.14e-17 8.87e-18   0.002    0.91
 18.332 -21.430 1.80e-17 1.99e-17 1.72e-17   0.001    1.04
 18.326  -6.754 6.81e-17 5.74e-17 3.75e-17   0.001    1.44
 18.448  -7.729 2.81e-17 2.59e-17 1.81e-17   0.001    1.60
 18.571  -4.984 1.51e-15 8.33e-16 4.76e-16   0.001    0.93
 18.601  -5.835 7.58e-17 6.31e-17 3.96e-17   0.003    0.97
 18.564  -6.135 1.16e-15 6.65e-16 3.58e-16   0.001    1.12
 18.752  -8.002 1.58e-17 1.51e-17 1.25e-17  -0.000    1.68
 18.714  -1.443 1.02e-15 6.74e-16 3.28e-16   0.001    1.18
 18.898 -25.707 4.00e-15 3.78e-15 3.11e-15   0.016    0.75
 18.911  -3.927 1.23e-15 7.69e-16 3.88e-16   0.001    1.00
 18.905  -6.110 9.69e-15 4.44e-15 2.31e-15   0.001    1.15
 19.073  -6.537 1.26e-17 1.21e-17 9.45e-18   0.002    1.36
 19.103 -28.899 1.55e-17 1.68e-17 1.54e-17   0.002    1.08
 19.081  -8.870 1.30e-13 6.69e-14 3.49e-14   0.000    1.76
 19.095  -4.700 4.06e-16 2.52e-16 1.40e-16  -0.000    1.06
 19.033  -5.700 3.94e-15 2.13e-15 1.04e-15   0.003    1.18
 19.347  -7.042 5.23e-17 4.49e-17 2.94e-17   0.001    1.51
 19.727  -8.328 3.99e-17 3.42e-17 2.43e-17   0.001    1.67
 19.681  -8.981 7.13e-17 5.85e-17 3.72e-17  -0.000    1.67
 19.590  -8.780 4.73e-17 3.85e-17 2.74e-17   0.002    1.64
 19.916  -2.837 1.04e-17 1.09e-17 8.45e-18   0.001    1.15
 19.904  -5.495 4.83e-15 2.70e-15 1.25e-15  -0.002    1.18
 19.957  -4.689 2.63e-15 1.47e-15 7.76e-16  -0.001    1.11
 20.080 -19.077 2.53e-16 1.87e-16 1.05e-16   0.002    1.25
 20.107  -7.872 2.18e-17 2.15e-17 1.47e-17   0.003    1.52
 20.407  -4.926 3.51e-15 1.90e-15 8.88e-16   0.001    1.20
 20.583 -10.665 2.58e-17 2.33e-17 1.73e-17   0.001    1.68
 20.691  -5.479 2.54e-17 2.42e-17 1.79e-17   0.002    1.28
 20.899 -28.935 1.07e-14 1.16e-14 1.05e-14   0.045   -0.46
 21.079  -8.614 6.63e-17 5.15e-17 3.48e-17   0.001    1.61
 21.104  -6.380 5.70e-17 4.58e-17 2.97e-17   0.002    1.38
 21.151  -5.888 4.17e-16 2.60e-16 1.51e-16   0.001    1.32
 21.442  -4.310 1.22e-15 7.11e-16 3.70e-16   0.002    1.31
 21.704  -5.982 2.52e-17 2.33e-17 1.77e-17  -0.001    1.37
 21.867 -24.061 1.62e-14 8.12e-15 3.86e-15   0.001    1.09
 22.531  -9.240 5.73e-17 4.71e-17 3.09e-17   0.002    1.55
 22.901 -24.260 5.39e-14 3.54e-14 1.98e-14   0.014    0.97
 24.233 -35.988 1.73e-13 8.67e-14 3.96e-14   0.005    1.12
 25.972 -24.990 1.47e-13 8.28e-14 4.37e-14   0.010    1.21
 26.003 -33.152 2.04e-13 1.55e-13 8.85e-14   0.031   -0.10
 26.388  -7.470 8.87e-17 6.98e-17 4.37e-17   0.002    1.59
 26.898 -23.489 2.40e-11 1.58e-11 9.41e-12   0.013    1.24
 27.852 -16.210 1.84e-16 1.48e-16 1.04e-16   0.002    1.27
 31.154 -18.000 1.02e-14 9.22e-15 6.70e-15   0.017    0.97
 31.369 -15.829 1.46e-15 7.47e-16 3.24e-16   0.027    0.61
 37.653 -12.247 7.98e-12 4.33e-12 2.06e-12   0.035    0.46
 38.105 -35.161 1.68e-17 1.68e-17 1.39e-17   0.001    2.16
 38.992 -34.418 5.08e-15 2.89e-15 1.41e-15   0.001    2.24
 39.190 -34.119 2.83e-13 2.56e-13 1.94e-13   0.002    2.21
 40.625 -15.471 6.21e-16 3.32e-16 1.40e-16   0.010    1.36
 40.839 -22.578 1.17e-17 1.30e-17 1.16e-17   0.003    1.65
 40.894 -27.583 1.82e-15 9.80e-16 5.63e-16  -0.001    2.24
 40.770 -21.490 2.08e-15 1.17e-15 6.85e-16   0.003    1.53
 40.856 -21.965 5.90e-15 3.31e-15 1.64e-15   0.003    1.62
 40.830 -22.568 1.14e-13 1.76e-13 1.95e-13   0.000    1.60
 41.304  -8.386 3.55e-16 3.49e-16 3.03e-16   0.007    1.69
 41.343 -20.226 5.05e-16 3.50e-16 1.92e-16   0.001    1.41
 41.489 -26.615 4.64e-15 2.65e-15 1.33e-15   0.001    2.06
 41.747 -24.455 2.96e-16 2.12e-16 1.38e-16   0.003    1.75
 42.234 -12.951 2.71e-13 1.61e-13 7.48e-14   0.002    1.41
 42.215 -27.660 1.81e-16 1.40e-16 8.56e-17   0.001    2.52
 42.436 -28.744 8.50e-15 4.32e-15 2.10e-15   0.000    2.64
 42.528 -20.794 6.53e-15 6.08e-15 4.50e-15   0.016    1.08
 42.560 -26.780 1.74e-16 1.26e-16 8.47e-17   0.002    2.35
 42.594 -24.341 7.34e-15 3.97e-15 1.86e-15   0.001    1.58
 42.799 -27.375 4.45e-15 2.41e-15 1.20e-15   0.003    2.53
 42.692 -23.378 2.51e-17 2.50e-17 1.90e-17   0.002    1.31
 42.794 -29.143 3.99e-17 3.75e-17 2.80e-17   0.002    2.64
 42.923 -30.061 1.11e-16 9.16e-17 6.30e-17   0.001    2.57
 42.931 -23.130 2.01e-16 1.50e-16 9.79e-17   0.002    1.34
 43.011 -29.318 1.17e-17 1.26e-17 1.04e-17   0.002    2.70
 42.958 -23.403 1.36e-13 1.98e-13 2.04e-13   0.001    1.23
 43.256 -26.270 1.31e-15 8.40e-16 4.44e-16   0.001    2.16
 43.379 -26.573 4.38e-16 2.78e-16 1.82e-16   0.003    2.43
 43.275 -29.233 3.00e-15 1.62e-15 8.04e-16   0.002    2.73
 43.472 -31.863 2.49e-15 1.42e-15 6.87e-16   0.002    2.47
 43.440 -26.822 6.66e-16 4.53e-16 2.65e-16   0.003    2.61
 43.438 -28.794 4.32e-16 2.98e-16 1.69e-16   0.002    2.86
 43.543 -30.985 2.82e-16 2.03e-16 1.24e-16   0.002    2.55
 43.580 -25.721 2.99e-15 1.69e-15 9.16e-16   0.002   -0.21
 43.430 -18.681 2.82e-13 1.65e-13 8.98e-14   0.001    1.19
 43.534 -25.446 2.06e-14 1.00e-14 4.54e-15   0.002    1.44
 43.596 -16.988 8.02e-15 6.17e-15 4.04e-15   0.009    1.48
 43.604 -29.988 1.53e-17 1.54e-17 1.34e-17   0.003    2.67
 43.624 -18.912 1.44e-17 1.55e-17 1.25e-17   0.002    1.22
 43.782 -30.491 9.32e-15 5.03e-15 2.28e-15   0.002    2.59
 43.752 -31.080 2.88e-17 2.75e-17 2.12e-17   0.002    2.57
 43.775 -20.726 6.50e-17 5.73e-17 3.95e-17   0.001    1.16
 43.709 -31.112 6.16e-15 3.62e-15 1.73e-15   0.002    2.54
 43.652 -25.869 4.57e-16 3.21e-16 1.81e-16   0.001    1.62
 43.787 -27.224 1.88e-15 1.11e-15 6.05e-16   0.002    3.03
 43.776 -24.304 3.06e-16 2.26e-16 1.35e-16   0.003    0.93
 43.813 -25.688 2.92e-15 1.53e-15 8.47e-16   0.002    1.60
 43.887 -28.458 6.29e-17 5.43e-17 4.00e-17   0.001    3.02
 43.945 -27.320 5.94e-17 5.12e-17 3.49e-17   0.000    3.35
 43.985 -24.728 3.30e-17 3.10e-17 2.34e-17  -0.000    1.05
 43.872 -25.895 3.73e-15 1.96e-15 9.69e-16   0.003    1.55
 43.963 -28.217 3.52e-16 2.41e-16 1.39e-16  -0.000    2.89
 44.073 -25.716 9.96e-17 8.23e-17 5.55e-17   0.001    1.26
 43.919 -25.326 1.06e-15 6.07e-16 3.19e-16   0.000   -0.62
 43.910 -27.872 3.77e-16 2.39e-16 1.56e-16   0.001    3.25
 44.061 -27.436 8.62e-17 7.27e-17 5.02e-17   0.001    3.56
 44.015 -27.049 3.78e-15 2.11e-15 1.03e-15   0.001    3.62
 44.105 -26.724 2.51e-16 1.89e-16 1.07e-16  -0.000    4.35
 44.147 -44.331 1.32e-12 6.69e-13 3.16e-13   0.003    0.97
 44.161 -23.901 4.64e-16 3.18e-16 1.93e-16   0.003    0.86
 44.116 -27.141 2.53e-16 1.78e-16 1.12e-16   0.001    3.70
 44.166 -26.846 9.82e-17 8.23e-17 5.55e-17   0.001    3.47
 43.974 -25.044 1.44e-16 1.14e-16 6.88e-17   0.000    0.73
 44.151 -26.346 1.23e-16 1.02e-16 6.54e-17   0.003    2.21
 44.291 -27.838 1.11e-15 7.17e-16 3.74e-16   0.002    3.05
 44.183 -21.374 3.72e-15 2.08e-15 1.03e-15   0.001    1.04
 44.363 -26.483 1.35e-16 1.02e-16 6.40e-17   0.001    2.11
 44.203 -26.070 1.19e-15 7.74e-16 3.76e-16   0.002    0.99
 44.359 -26.828 1.82e-16 1.45e-16 8.91e-17  -0.001    3.13
 44.378 -26.387 4.83e-16 3.34e-16 1.82e-16   0.001    1.64
 44.393  -7.323 7.82e-12 4.56e-12 2.27e-12   0.006    1.66
 44.481 -26.250 7.24e-17 6.24e-17 4.35e-17   0.000   -0.49
 44.287 -24.760 4.94e-17 4.35e-17 3.39e-17   0.002    0.56
 44.397 -28.694 2.33e-16 1.72e-16 1.15e-16   0.002    2.97
 44.506 -28.041 8.65e-16 5.70e-16 3.05e-16   0.002    3.43
 44.374 -26.599 1.58e-16 1.23e-16 7.93e-17   0.002    4.63
 44.451 -27.100 2.60e-16 1.91e-16 1.10e-16   0.003    3.95
 44.489 -29.365 1.28e-15 8.02e-16 4.50e-16   0.000    2.85
 44.524 -26.333 1.28e-16 1.02e-16 6.54e-17   0.002   -4.67
 44.274 -26.187 1.96e-15 1.23e-15 6.51e-16   0.003   -1.38
 44.480 -25.767 3.38e-15 1.94e-15 9.16e-16   0.003   -0.82
 44.462 -26.275 1.65e-17 1.73e-17 1.36e-17   0.002   -2.70
 44.480 -26.373 1.40e-15 8.12e-16 4.51e-16   0.002   -3.74
 44.500 -26.553 3.92e-16 2.73e-16 1.68e-16   0.001    6.14
 44.572 -26.538 1.07e-16 9.18e-17 5.89e-17   0.000    0.11
 44.484 -25.988 1.08e-13 1.61e-13 1.95e-13   0.002   -0.15
 44.526 -25.522 8.40e-16 5.30e-16 2.91e-16   0.001   -0.33
 44.564 -26.312 3.42e-15 1.84e-15 9.89e-16   0.002   -2.10
 44.650 -26.615 1.70e-17 1.82e-17 1.51e-17  -0.000    8.48
 44.589 -33.334 9.62e-16 6.09e-16 3.44e-16   0.001    2.31
 44.678 -26.634 3.02e-15 1.74e-15 8.21e-16   0.001    2.79
 44.609 -26.524 4.40e-15 2.49e-15 1.15e-15  -0.000   -6.71
 44.711 -26.347 4.29e-15 2.39e-15 1.19e-15   0.002   -1.88
 44.645 -26.494 3.77e-16 2.68e-16 1.61e-16   0.001   -0.61
 44.736 -26.415 1.63e-13 8.39e-14 3.88e-14   0.002   -3.68
 44.705 -28.826 1.09e-17 1.23e-17 1.08e-17   0.002    2.78
 44.577 -25.901 1.84e-17 1.93e-17 1.56e-17   0.002    0.43
 44.708 -27.505 8.75e-15 4.39e-15 2.25e-15   0.001    2.97
 44.732 -26.708 4.92e-15 3.07e-15 1.37e-15   0.001    1.63
 44.785 -29.380 2.86e-17 2.70e-17 2.14e-17   0.001    2.69
 44.604 -26.797 1.10e-16 8.73e-17 5.82e-17   0.000    7.66
 44.678 -27.767 1.57e-13 7.90e-14 3.77e-14   0.002    3.76
 44.826 -25.958 9.85e-17 8.13e-17 5.19e-17   0.003   -0.44
 44.849 -26.856 5.98e-17 5.10e-17 3.65e-17   0.000    2.10
 44.799 -26.587 4.34e-16 3.06e-16 1.75e-16   0.001   -1.71
 44.829 -25.974 1.17e-15 7.55e-16 3.90e-16   0.002   -0.44
 44.923 -26.741 1.44e-17 1.55e-17 1.29e-17   0.002    1.63
 44.898 -25.064 4.35e-15 2.50e-15 1.18e-15   0.001    0.14
 44.825 -28.184 8.74e-17 7.29e-17 5.11e-17   0.002    2.87
 44.871 -26.339 1.13e-16 8.35e-17 5.76e-17   0.002   -0.87
 44.911 -25.514 3.21e-17 3.22e-17 2.31e-17   0.001   -0.08
 44.947 -25.808 1.14e-14 5.92e-15 2.74e-15  -0.000   -0.18
