  0.038  11.982 1.33e-17 1.32e-17 1.14e-17   0.002    0.47
  0.058  15.195 2.24e-16 1.64e-16 9.58e-17  -0.001    0.37
  0.064  15.863 6.49e-15 3.45e-15 1.60e-15   0.001    0.55
  0.118  16.579 2.03e-17 1.93e-17 1.55e-17   0.002    0.92
  0.252  16.471 1.04e-14 5.17e-15 2.34e-15   0.001    0.85
  0.092  19.560 4.73e-17 4.42e-17 2.98e-17   0.001    1.59
  0.130  10.736 2.33e-13 1.51e-13 8.67e-14   0.001    0.56
  0.193  16.726 1.70e-16 1.19e-16 8.27e-17   0.004    0.90
  0.145  15.117 2.13e-15 1.19e-15 6.16e-16   0.002    0.59
  0.302  15.213 4.75e-15 2.57e-15 1.25e-15   0.001    0.52
  0.537  17.196 2.80e-15 1.63e-15 7.88e-16   0.004    1.16
  0.627  15.078 1.20e-15 7.33e-16 3.79e-16   0.002    0.51
  0.883  17.107 2.02e-13 1.99e-13 1.60e-13   0.002    1.17
  0.871  17.390 6.07e-16 4.00e-16 2.20e-16   0.002    1.23
  1.089  22.943 2.52e-15 1.45e-15 7.20e-16   0.001    1.61
  1.207  18.707 1.64e-14 8.11e-15 3.61e-15   0.000    1.38
  1.359  15.245 8.19e-15 4.22e-15 1.96e-15   0.001    0.75
  1.393  10.758 8.72e-17 7.37e-17 4.82e-17   0.002    0.66
  1.395  18.590 3.37e-16 2.32e-16 1.39e-16   0.002    1.40
  1.670  17.365 7.04e-16 4.69e-16 2.50e-16   0.001    1.17
  1.916  10.970 1.71e-15 1.01e-15 5.15e-16   0.000    0.61
  2.033   9.298 2.01e-13 2.02e-13 1.55e-13  -0.000    0.69
  1.890  16.806 2.54e-16 1.83e-16 1.07e-16   0.001    1.06
  2.039  11.059 1.21e-17 1.25e-17 1.07e-17   0.001    0.70
  1.993  16.604 2.52e-13 1.53e-13 8.25e-14   0.000    1.05
  2.238  15.796 1.76e-16 1.30e-16 8.44e-17   0.002    0.92
  2.390  17.335 5.62e-15 2.93e-15 1.40e-15   0.001    1.18
  2.385  14.705 2.08e-13 1.23e-13 6.22e-14   0.002    0.85
  2.881  18.484 8.09e-17 6.91e-17 4.56e-17   0.001    1.36
  2.960  14.972 3.50e-16 2.43e-16 1.46e-16   0.001    0.90
  5.291  11.223 2.15e-17 2.10e-17 1.64e-17   0.001    0.90
  6.895  11.168 6.93e-16 4.70e-16 2.55e-16   0.001    1.06
  7.874  25.205 1.23e-14 6.31e-15 3.04e-15   0.001    1.44
 18.849   1.832 1.44e-15 8.98e-16 4.59e-16  -0.000    1.27
